0.80000000,0.30219371,0.25106205,0.29025125,0.27379675,0.22083192,0.25686771,0.27880912,0.32058735,0.26708494,0.27267313,0.26512497,0.30377186,0.19664014,0.26871984,0.18632133,0.29162700,0.23772865,0.18221311,0.24467635,0.21518636,0.26297988,0.28671562,0.20081475,0.24573938,0.21220064,0.20787802,0.26419649,0.20680206,0.20399475,0.20806761,0.22790718,0.19785941,0.20569415,0.26163567,0.27541683,0.27944360,0.26691301,0.27367317,0.20450292,0.20882136,0.19624508,0.26168968,0.20328271,0.22335111,0.29089262,0.27147383,0.20395879,0.20774384,0.26778580,0.19999270,0.23489508,0.17825928,0.19814392
0.30219371,0.80000000,0.29540576,0.37400331,0.33550535,0.22927852,0.43698311,0.27241395,0.34069416,0.25448743,0.38670539,0.22743594,0.23608036,0.20971636,0.29866290,0.19789453,0.24774355,0.27077987,0.18252439,0.30522801,0.21829061,0.32634776,0.30209730,0.20558439,0.32153624,0.21808240,0.20440440,0.30705840,0.20933166,0.19969230,0.20671186,0.26376763,0.19198254,0.19282045,0.24766183,0.36257660,0.46265367,0.30254490,0.28855599,0.20863196,0.24572664,0.19544679,0.29158218,0.18449444,0.23659404,0.35829409,0.28126023,0.23590678,0.24124337,0.28339385,0.26973874,0.27494973,0.19245756,0.16412310
0.25106205,0.29540576,0.80000000,0.29557948,0.26167290,0.21316711,0.37491385,0.23740696,0.26016916,0.22786708,0.28137091,0.22291526,0.20279450,0.20749659,0.24719052,0.22560891,0.23006108,0.52231204,0.19425199,0.24949481,0.19992043,0.23305754,0.26953044,0.21905270,0.35328024,0.22492825,0.22298772,0.27242246,0.22005502,0.21868377,0.21129903,0.24523692,0.22538115,0.22629637,0.22975839,0.27522941,0.25186664,0.26935790,0.27687505,0.21738676,0.20785543,0.23557378,0.23244490,0.20805552,0.26013174,0.25839516,0.23966971,0.21801878,0.23362190,0.25473168,0.27506663,0.25082113,0.25182474,0.16983352
0.29025125,0.37400331,0.29557948,0.80000000,0.33452775,0.22470990,0.31143346,0.26127371,0.31915464,0.25688496,0.33666204,0.23769477,0.21565299,0.21504754,0.28894257,0.20163893,0.23233119,0.24431881,0.18366283,0.36826792,0.21376167,0.29520312,0.30708776,0.18898259,0.27360999,0.21941144,0.19064385,0.28399838,0.20015531,0.18762956,0.19134725,0.26074528,0.18442969,0.19421117,0.24059413,0.33062012,0.31416212,0.31771267,0.28783305,0.23329428,0.19376272,0.20608578,0.28660576,0.16856394,0.24066753,0.32532344,0.26792516,0.24807977,0.22093188,0.28217416,0.22257818,0.28844833,0.23301876,0.15514515
0.27379675,0.33550535,0.26167290,0.33452775,0.80000000,0.22410886,0.27221929,0.26947376,0.30730204,0.25727401,0.30739690,0.20991722,0.20921715,0.22775766,0.33653245,0.20432194,0.22938484,0.21831782,0.19294337,0.33111072,0.21071597,0.27258103,0.27933097,0.18666001,0.27316720,0.21870704,0.18758370,0.28688524,0.18965102,0.19239116,0.19378013,0.28786805,0.19227315,0.19180908,0.23517077,0.28641377,0.29702321,0.29354540,0.25967991,0.18892183,0.17782551,0.17534364,0.27728802,0.15984867,0.23734323,0.29743227,0.25156723,0.26102196,0.22521694,0.29435375,0.22520807,0.28585529,0.19782088,0.14873800
0.22083192,0.22927852,0.21316711,0.22470990,0.22410886,0.80000000,0.21826374,0.23983003,0.22780960,0.22151148,0.21224026,0.23242048,0.18749719,0.21085106,0.21897955,0.20532911,0.23621949,0.18208965,0.25757950,0.21990864,0.37717900,0.19275236,0.21604915,0.16846647,0.20699397,0.20636574,0.18441246,0.22424478,0.17271240,0.18799845,0.20173975,0.20535453,0.18787460,0.18688595,0.23795406,0.19745041,0.21550102,0.19946853,0.19484853,0.17530853,0.18439094,0.17150978,0.20590373,0.16826051,0.20489821,0.21419305,0.20041745,0.20237118,0.21010802,0.21976408,0.19942152,0.21057299,0.16372652,0.16428372
0.25686771,0.43698311,0.37491385,0.31143346,0.27221929,0.21826374,0.80000000,0.26724495,0.27183049,0.23930134,0.32722913,0.22693689,0.21153759,0.21295538,0.28249866,0.22976036,0.23485120,0.30958991,0.20286961,0.25219941,0.20422907,0.25487225,0.27337808,0.20639848,0.47015234,0.24617441,0.22897317,0.29506772,0.22781412,0.22032040,0.23258655,0.26508197,0.22898638,0.23143681,0.23247192,0.32185175,0.41812690,0.25899456,0.27509237,0.24425867,0.22779316,0.21872503,0.23573200,0.20220193,0.29184659,0.26856603,0.23773178,0.21388895,0.26465007,0.24879209,0.30807174,0.27956350,0.27239466,0.16003751
0.27880912,0.27241395,0.23740696,0.26127371,0.26947376,0.23983003,0.26724495,0.80000000,0.26805674,0.27647192,0.24362415,0.34806579,0.30743047,0.22661145,0.25522177,0.20732752,0.26169024,0.19368087,0.20759148,0.26043627,0.22774751,0.21994561,0.24913421,0.15835184,0.24441152,0.20929881,0.17878020,0.24936443,0.16772283,0.19018029,0.19716632,0.22703313,0.19165262,0.18200349,0.30717797,0.23607241,0.25399142,0.23197913,0.22681394,0.18919177,0.17347536,0.16663654,0.23189802,0.14801084,0.25057050,0.23969694,0.21758721,0.23223997,0.22297391,0.23616300,0.22532690,0.25553324,0.19787935,0.14805470
0.32058735,0.34069416,0.26016916,0.31915464,0.30730204,0.22780960,0.27183049,0.26805674,0.80000000,0.28953555,0.28714982,0.26037350,0.23433275,0.22256446,0.26515678,0.21490481,0.24705296,0.21460405,0.19434445,0.28666899,0.22123588,0.28857889,0.29820815,0.17005837,0.25137697,0.20766498,0.18567508,0.26364335,0.18440172,0.17864068,0.19021363,0.25318187,0.18291576,0.19551793,0.25598004,0.27541117,0.29178481,0.27786381,0.25802929,0.19361368,0.17609270,0.17425367,0.25980480,0.16596934,0.23384302,0.32912533,0.26545125,0.24785680,0.22064324,0.26202262,0.22113973,0.27459547,0.20597541,0.14980276
0.26708494,0.25448743,0.22786708,0.25688496,0.25727401,0.22151148,0.23930134,0.27647192,0.28953555,0.80000000,0.24878246,0.25089461,0.19435897,0.23416650,0.23107259,0.19628014,0.20193580,0.17175878,0.19327559,0.26204025,0.19456054,0.21483674,0.26509738,0.12733237,0.22312000,0.18114007,0.15265112,0.22139971,0.13418955,0.15892917,0.18392749,0.21309015,0.17032542,0.15636289,0.25607104,0.21411182,0.24064715,0.23351066,0.22205080,0.15420767,0.15757967,0.13182019,0.21978092,0.11845055,0.23837456,0.23872681,0.21257986,0.24555757,0.20811129,0.22377028,0.20121542,0.24811140,0.20430091,0.13593227
0.27267313,0.38670539,0.28137091,0.33666204,0.30739690,0.21224026,0.32722913,0.24362415,0.28714982,0.24878246,0.80000000,0.23686198,0.21027312,0.21654620,0.26972189,0.18719322,0.23703007,0.24375364,0.17620549,0.29216766,0.19345519,0.26215973,0.28476232,0.19612945,0.30523778,0.19550788,0.18886816,0.29098839,0.18073441,0.19061219,0.19567561,0.23256518,0.18340337,0.18806121,0.25235809,0.40014787,0.36888330,0.37021680,0.29509320,0.21174664,0.19887811,0.19457549,0.26775830,0.18100975,0.22371071,0.28483554,0.30383369,0.22873059,0.21723479,0.26931605,0.22018309,0.31758656,0.19749710,0.16775892
0.26512497,0.22743594,0.22291526,0.23769477,0.20991722,0.23242048,0.22693689,0.34806579,0.26037350,0.25089461,0.23686198,0.80000000,0.30384440,0.20701389,0.21738621,0.18045907,0.29618161,0.18116455,0.19680649,0.22441217,0.20938620,0.20971371,0.22548607,0.14728729,0.20063554,0.19633882,0.16295986,0.22750407,0.15629032,0.16216459,0.17941221,0.20375681,0.15944771,0.16261336,0.31985225,0.22441049,0.24290249,0.22387569,0.21189439,0.16444500,0.16065591,0.15186081,0.20472546,0.14691509,0.20156003,0.23038874,0.21152102,0.23156882,0.19863328,0.21664321,0.18198348,0.22713354,0.19796349,0.14792129
0.30377186,0.23608036,0.20279450,0.21565299,0.20921715,0.18749719,0.21153759,0.30743047,0.23433275,0.19435897,0.21027312,0.30384440,0.80000000,0.14156234,0.23487500,0.14704836,0.29447919,0.22075893,0.16152346,0.18725325,0.21430573,0.23127410,0.23647429,0.19982654,0.21785966,0.18893938,0.19713396,0.23149553,0.19913812,0.21432643,0.18632997,0.19895950,0.17137438,0.19040792,0.25042802,0.23421394,0.21399119,0.20811156,0.23063670,0.19078217,0.19019442,0.18821654,0.23607396,0.20910459,0.17085298,0.23795050,0.23991859,0.15510090,0.16904139,0.21910601,0.16238503,0.18279168,0.13424980,0.17533036
0.19664014,0.20971636,0.20749659,0.21504754,0.22775766,0.21085106,0.21295538,0.22990645,0.22256446,0.23416650,0.21654620,0.20701389,0.14156234,0.80000000,0.21887397,0.20877898,0.18071203,0.16134854,0.22177023,0.23140933,0.18424756,0.17451017,0.19648839,0.14645009,0.20042716,0.20222469,0.16471605,0.21281964,0.14694576,0.16514057,0.18612457,0.20999650,0.17803467,0.16677331,0.20625417,0.18468340,0.22071458,0.20002278,0.19639606,0.16574753,0.15502541,0.15321888,0.19570139,0.13829504,0.21614742,0.19959133,0.18309230,0.23918761,0.21934250,0.21657232,0.21604657,0.21615963,0.17643257,0.11374090
0.26871984,0.29866290,0.24719052,0.28894257,0.33653245,0.21897955,0.28249866,0.25522177,0.26515678,0.23107259,0.26972189,0.21738621,0.23487500,0.21887397,0.80000000,0.19971929,0.24245729,0.22918453,0.18580916,0.27632774,0.20883813,0.25554650,0.26126420,0.20881268,0.25094801,0.22215758,0.21117079,0.26527627,0.20377027,0.22033750,0.23867242,0.35062719,0.19993563,0.20169858,0.24135741,0.26351824,0.29354986,0.25802945,0.25341482,0.21116159,0.21573026,0.19700629,0.26539520,0.19269278,0.22251828,0.27490606,0.24846024,0.29615151,0.24056995,0.31186595,0.21835012,0.23025942,0.18498012,0.18230535
0.18632133,0.19789453,0.22560891,0.20163893,0.20432194,0.20532911,0.22976036,0.20732752,0.21490481,0.19628014,0.18719322,0.18045907,0.14704836,0.20877898,0.19971929,0.80000000,0.16844697,0.19091004,0.25109766,0.20583835,0.19869134,0.18094125,0.19909164,0.20180016,0.21847817,0.28677110,0.22644419,0.22856721,0.20163780,0.20656961,0.21448097,0.22871879,0.27199473,0.23177033,0.19105669,0.18191460,0.20938704,0.18719855,0.22126911,0.21922960,0.19750455,0.20267722,0.19895380,0.21325905,0.21458908,0.20033113,0.19212885,0.20494839,0.22655867,0.22020783,0.23091149,0.19883651,0.20387897,0.14574182
0.27662700,0.24107695,0.23006108,0.23944359,0.22938484,0.23621949,0.23485120,0.26169024,0.24705296,0.20855600,0.23703007,0.29618161,0.29447919,0.18071203,0.24245729,0.16844697,0.80000000,0.23913212,0.19411157,0.21948180,0.23741333,0.23134718,0.25329933,0.20270055,0.23211875,0.20527898,0.20750702,0.25679313,0.20805653,0.20272689,0.20036646,0.21128558,0.18011365,0.19736821,0.30907791,0.24596236,0.24088041,0.22770944,0.23116727,0.19533186,0.19835388,0.18930782,0.23937372,0.20504725,0.19225514,0.24606897,0.25139204,0.18510179,0.18697190,0.23630750,0.17508410,0.20739773,0.14942179,0.18070321
0.23772865,0.27077987,0.52231204,0.24431881,0.21831782,0.18208965,0.30958991,0.19368087,0.21460405,0.17175878,0.24375364,0.18116455,0.22075893,0.16134854,0.22918453,0.19091004,0.23913212,0.80000000,0.16991729,0.19939742,0.18451469,0.22284561,0.24469961,0.23536043,0.31025319,0.21505879,0.22559178,0.25475738,0.24050088,0.22960867,0.20961305,0.21166604,0.21070505,0.21496397,0.20108115,0.25480177,0.23069552,0.23439922,0.26267423,0.23436449,0.22193749,0.24448225,0.22721885,0.23161392,0.22394943,0.23757560,0.24059413,0.16391576,0.21427083,0.23342397,0.23196169,0.19412293,0.19408670,0.18357269
0.18221311,0.18252439,0.19425199,0.18366283,0.19294337,0.25757950,0.20286961,0.20759148,0.19434445,0.19327559,0.17620549,0.19680649,0.16152346,0.22177023,0.18580916,0.25109766,0.19411157,0.16991729,0.80000000,0.19307375,0.23685686,0.15568868,0.18095211,0.15312391,0.19216645,0.22510942,0.18251677,0.19917145,0.16867299,0.17950870,0.19388224,0.19152794,0.20051699,0.18015461,0.19829810,0.16157390,0.19603219,0.16904660,0.18077127,0.18206828,0.16970677,0.16193500,0.17354519,0.16791123,0.19836587,0.17244469,0.16554960,0.18808099,0.20921757,0.19655041,0.20271187,0.18860259,0.18042965,0.12736777
0.24467635,0.30522801,0.24949481,0.36826792,0.33111072,0.21990864,0.25219941,0.26043627,0.28666899,0.26204025,0.29216766,0.22441217,0.18725325,0.23140933,0.27632774,0.20583835,0.21948180,0.19939742,0.19307375,0.80000000,0.20731618,0.24024972,0.26812617,0.15225627,0.24669581,0.19259049,0.16424431,0.27745654,0.15093689,0.16388859,0.17169107,0.26105535,0.16991272,0.16787577,0.22069748,0.26442555,0.25628843,0.27094424,0.22786830,0.16159592,0.14971051,0.15809077,0.26565202,0.12948737,0.22720770,0.26294136,0.22289963,0.26824372,0.20382028,0.27118831,0.20710673,0.27933494,0.20695045,0.11406449
0.21518636,0.21829061,0.19992043,0.21376167,0.21071597,0.37717900,0.20422907,0.22774751,0.22123588,0.19456054,0.19345519,0.20938620,0.21430573,0.18424756,0.20883813,0.19869134,0.23741333,0.18451469,0.23685686,0.20731618,0.80000000,0.21748945,0.21305769,0.17845428,0.20625130,0.20090003,0.18800961,0.21779587,0.17759548,0.19866285,0.19259119,0.21718996,0.18206291,0.19835183,0.22045649,0.20080371,0.20321437,0.18976725,0.19478623,0.18216474,0.18324554,0.18576418,0.21492675,0.18421141,0.18927876,0.21993659,0.20821201,0.17435654,0.19605084,0.21146861,0.19517260,0.20158652,0.15383457,0.16498527
0.26297988,0.32634776,0.23305754,0.29520312,0.27258103,0.19275236,0.25487225,0.21994561,0.28857889,0.21483674,0.26215973,0.20971371,0.22551650,0.17451017,0.25554650,0.18094125,0.23134718,0.22284561,0.15568868,0.24024972,0.21748945,0.80000000,0.27390919,0.19868060,0.23947459,0.20678759,0.18755670,0.25200716,0.19595309,0.20791631,0.19952794,0.25688329,0.17475964,0.19542349,0.21061254,0.30832263,0.27460588,0.25850779,0.24908373,0.20298505,0.19709970,0.19830901,0.32230575,0.19110819,0.19666724,0.31193608,0.26567078,0.20874987,0.20431813,0.25651244,0.20129037,0.23308617,0.18277217,0.16883883
0.28671562,0.30209730,0.26953044,0.30708776,0.27933097,0.21604915,0.27337808,0.24913421,0.29820815,0.26509738,0.28476232,0.22548607,0.23647429,0.19648839,0.26126420,0.19909164,0.25329933,0.24469961,0.18095211,0.26812617,0.21305769,0.27390919,0.80000000,0.19557494,0.28117952,0.20980741,0.20579361,0.26650523,0.21658190,0.19072745,0.19885541,0.22997137,0.18949679,0.20346038,0.25451831,0.27575950,0.26528047,0.27848681,0.24859413,0.19689764,0.19931296,0.18832869,0.28276403,0.19208774,0.22009651,0.27143499,0.26344326,0.21953969,0.22005275,0.26244627,0.20386520,0.26184856,0.19121545,0.17147941
0.20081475,0.20558439,0.21905270,0.18898259,0.18666001,0.16846647,0.20639848,0.15835184,0.17005837,0.12733237,0.19612945,0.14728729,0.19982654,0.14645009,0.20881268,0.20180016,0.20270055,0.23536043,0.15312391,0.15225627,0.17845428,0.19868060,0.19557494,0.80000000,0.21981442,0.22219077,0.24473195,0.22348999,0.23445672,0.25105061,0.21690047,0.19427308,0.23015435,0.22798931,0.17179568,0.22017505,0.19234256,0.19802990,0.23116608,0.22335117,0.23080600,0.25898528,0.20846232,0.22819717,0.16276312,0.20449462,0.20041206,0.12922683,0.18651473,0.20121695,0.18278535,0.15299033,0.12107996,0.19350726
0.24573938,0.32153624,0.35328024,0.27360999,0.27316720,0.20699397,0.47015234,0.24441152,0.25137697,0.22312000,0.30523778,0.20063554,0.21785966,0.20042716,0.25094801,0.21847817,0.23211875,0.31025319,0.19216645,0.24669581,0.20625130,0.23947459,0.28117952,0.21981442,0.80000000,0.23380749,0.23507136,0.29255555,0.23294295,0.22050591,0.21443977,0.24006032,0.22685287,0.23097572,0.22192082,0.29452067,0.29649002,0.29879890,0.26344946,0.22474276,0.22054301,0.21663389,0.24856403,0.21652794,0.26609401,0.24501548,0.25882707,0.19365704,0.23602004,0.24974789,0.26310799,0.32563109,0.23518413,0.16015090
0.21220064,0.21808240,0.22492825,0.21941144,0.21870704,0.20636574,0.24617441,0.20929881,0.20766498,0.18114007,0.19550788,0.19633882,0.18893938,0.20222469,0.22215758,0.28677110,0.20527898,0.21505879,0.22510942,0.19259049,0.20090003,0.20678759,0.20980741,0.22219077,0.23380749,0.80000000,0.27964748,0.24032026,0.26313846,0.25270180,0.30156568,0.23051482,0.24530262,0.27662504,0.19627982,0.20097947,0.23404975,0.18633318,0.22637254,0.29672339,0.24366007,0.21925540,0.21110060,0.25056287,0.21567329,0.21111788,0.20456178,0.19474820,0.27023544,0.22925677,0.28135637,0.18406103,0.18496973,0.16995348
0.20787802,0.20440440,0.22298772,0.19064385,0.18758370,0.18441246,0.22897317,0.17878020,0.18567508,0.15265112,0.18886816,0.16295986,0.19713396,0.16471605,0.21117079,0.22644419,0.20750702,0.22559178,0.18251677,0.16424431,0.18800961,0.18755670,0.20579361,0.24473195,0.23507136,0.27964748,0.80000000,0.23252239,0.24295664,0.25133317,0.24956939,0.19470077,0.25082040,0.35410841,0.18646285,0.20628085,0.18543850,0.18867430,0.21850810,0.26648033,0.26226184,0.22809632,0.19775168,0.27068967,0.19120186,0.19582579,0.20018608,0.14147598,0.22440468,0.20801710,0.23224366,0.16137913,0.14722613,0.19677465
0.26419649,0.30705840,0.27242246,0.28399838,0.28688524,0.22424478,0.29506772,0.24936443,0.26364335,0.22139971,0.29098839,0.22750407,0.23149553,0.21281964,0.26527627,0.22856721,0.25679313,0.25475738,0.19917145,0.27745654,0.21779587,0.25200716,0.26650523,0.22348999,0.29255555,0.24032026,0.23252239,0.80000000,0.21809072,0.22137876,0.23275429,0.26001571,0.22390195,0.22747256,0.23207029,0.34081383,0.29238481,0.27630257,0.27843186,0.22497228,0.23449176,0.21523281,0.27672728,0.21329536,0.25907379,0.26416769,0.26333992,0.22782192,0.23585734,0.26751925,0.22877105,0.26141526,0.19664682,0.16564318
0.20680206,0.20933166,0.22005502,0.20015531,0.18965102,0.17271240,0.22781412,0.16772283,0.18440172,0.13418955,0.18073441,0.15629032,0.19913812,0.14694576,0.20377027,0.20163780,0.20805653,0.24050088,0.16867299,0.15093689,0.17759548,0.19595309,0.21658190,0.23445672,0.23294295,0.26313846,0.24295664,0.21809072,0.80000000,0.21882798,0.21758760,0.20344324,0.21946348,0.23262879,0.17991088,0.20372361,0.20024389,0.17692150,0.20758494,0.30911869,0.22460182,0.30580185,0.19635159,0.23710012,0.19122155,0.20379235,0.19997619,0.14032105,0.21515249,0.19901940,0.20353956,0.14209473,0.14623619,0.18782971
0.20399475,0.19969230,0.21868377,0.18762956,0.19239116,0.18799845,0.22032040,0.19018029,0.17864068,0.15892917,0.19061219,0.16216459,0.21432643,0.16514057,0.22033750,0.20656961,0.20272689,0.22960867,0.17950870,0.16388859,0.19866285,0.20791631,0.19072745,0.25105061,0.22050591,0.25270180,0.25133317,0.22137876,0.21882798,0.80000000,0.27293361,0.21114727,0.22278157,0.24639876,0.17482655,0.20676942,0.19168710,0.18377753,0.22034660,0.25473137,0.26545227,0.23252468,0.21026224,0.23813172,0.18744197,0.20129438,0.19530712,0.14960130,0.22620045,0.20347226,0.23240435,0.15847331,0.14471308,0.19823464
0.20806761,0.20671186,0.21129903,0.19134725,0.19378013,0.20173975,0.23258655,0.19716632,0.19021363,0.18392749,0.19567561,0.17941221,0.18632997,0.18612457,0.23867242,0.21448097,0.20036646,0.20961305,0.19388224,0.17169107,0.19259119,0.19952794,0.19885541,0.21690047,0.21443977,0.30156568,0.24956939,0.23275429,0.21758760,0.27293361,0.80000000,0.20645128,0.22053078,0.23354922,0.18630741,0.23222415,0.19991848,0.18833833,0.20779721,0.24625297,0.24815728,0.20330350,0.20025261,0.22096140,0.20330796,0.19641157,0.19482023,0.16771391,0.28387918,0.21032190,0.24105646,0.16961870,0.15357820,0.19867051
0.22790718,0.26376763,0.24523692,0.26074528,0.28786805,0.20535453,0.26508197,0.22703313,0.25318187,0.21309015,0.23256518,0.20375681,0.19895950,0.20999650,0.35062719,0.22871879,0.21128558,0.21166604,0.19152794,0.26105535,0.21718996,0.25688329,0.22997137,0.19427308,0.24006032,0.23051482,0.19470077,0.26001571,0.20344324,0.21114727,0.20645128,0.80000000,0.21326989,0.20617669,0.20839236,0.26841729,0.27230358,0.22625096,0.25715841,0.21709074,0.19615348,0.20775015,0.26194640,0.19580756,0.22374277,0.24889187,0.23895069,0.39162638,0.23252138,0.30208551,0.22112634,0.22311185,0.21480787,0.15489462
0.19785941,0.19198254,0.22538115,0.18442969,0.19227315,0.18787460,0.22898638,0.19165262,0.18291576,0.17032542,0.18340337,0.15944771,0.17137438,0.17803467,0.19993563,0.27199473,0.18011365,0.21070505,0.20051699,0.16991272,0.18206291,0.17475964,0.18949679,0.23015435,0.22685287,0.24530262,0.25082040,0.22390195,0.21946348,0.22278157,0.22053078,0.21326989,0.80000000,0.22589484,0.16587628,0.18526614,0.18906812,0.17906352,0.22278171,0.22247482,0.20857446,0.20659310,0.19663349,0.22442582,0.21471058,0.18077717,0.19809807,0.17862827,0.21116896,0.21946015,0.21470544,0.17934097,0.18015602,0.18296029
0.20569415,0.19282045,0.22629637,0.19421117,0.19180908,0.18688595,0.23143681,0.18200349,0.19551793,0.15636289,0.18806121,0.16261336,0.19040792,0.16677331,0.20169858,0.23177033,0.19736821,0.21496397,0.18015461,0.16787577,0.19835183,0.19542349,0.20346038,0.22798931,0.23097572,0.27662504,0.35410841,0.22747256,0.23262879,0.24639876,0.23354922,0.20617669,0.22589484,0.80000000,0.19102221,0.20488161,0.18918389,0.18909893,0.21793028,0.26168974,0.25785770,0.23384421,0.20061899,0.25679593,0.18989859,0.20480967,0.20280519,0.14470032,0.22773507,0.20077429,0.23775228,0.16507052,0.15860302,0.18131269
0.26870887,0.24766183,0.22975839,0.24059413,0.23517077,0.23795406,0.23247192,0.30717797,0.25598004,0.25607104,0.25235809,0.31985225,0.25042802,0.20625417,0.24135741,0.19105669,0.30907791,0.20108115,0.19829810,0.22069748,0.22045649,0.21061254,0.25451831,0.17179568,0.22192082,0.19627982,0.18646285,0.23207029,0.17991088,0.17482655,0.18630741,0.20839236,0.16587628,0.19102221,0.80000000,0.23701725,0.26122837,0.25509486,0.24106022,0.18786317,0.19552464,0.18326341,0.23329321,0.17457862,0.20186711,0.24600294,0.23968328,0.20147148,0.20337860,0.22802172,0.18939084,0.21838548,0.18136882,0.17057729
0.27541683,0.36257660,0.27522941,0.33062012,0.28641377,0.19745041,0.32185175,0.23607241,0.27541117,0.21411182,0.40014787,0.22441049,0.23421394,0.18468340,0.26351824,0.18191460,0.24596236,0.25480177,0.16157390,0.26442555,0.20080371,0.30832263,0.27575950,0.22017505,0.29452067,0.20097947,0.20628085,0.34081383,0.20372361,0.20676942,0.23222415,0.26841729,0.18526614,0.20488161,0.23701725,0.80000000,0.34735636,0.38201123,0.29402302,0.22984492,0.22618555,0.20900105,0.27387027,0.20786971,0.21311684,0.29141088,0.31312845,0.22389909,0.21521357,0.26777795,0.21767069,0.33709337,0.17948511,0.19086714
0.27944360,0.46265367,0.25186664,0.31416212,0.29702321,0.21550102,0.41812690,0.25399142,0.29178481,0.24064715,0.36888330,0.24290249,0.21399119,0.21711198,0.29354986,0.20938704,0.24088041,0.23069552,0.19603219,0.25628843,0.20321437,0.27460588,0.26528047,0.19234256,0.29649002,0.23404975,0.18543850,0.29238481,0.20024389,0.19168710,0.19991848,0.27230358,0.18906812,0.18918389,0.26122837,0.34735636,0.80000000,0.30053144,0.31413462,0.20772250,0.22646323,0.19513597,0.29210805,0.19572781,0.21180632,0.32095102,0.29329017,0.23994093,0.24695505,0.28594228,0.25400488,0.25637267,0.19916608,0.17150876
0.26691301,0.30254490,0.26935790,0.31771267,0.29354540,0.19946853,0.25899456,0.23197913,0.27786381,0.23351066,0.37021680,0.22387569,0.20811156,0.20002278,0.25802945,0.18719855,0.22770944,0.23439922,0.16904660,0.27094424,0.18976725,0.25850779,0.27848681,0.19802990,0.29879890,0.18633318,0.18867430,0.27630257,0.17692150,0.18377753,0.18833833,0.22625096,0.17906352,0.18909893,0.25509486,0.38201123,0.30053144,0.80000000,0.28770973,0.19496944,0.20091260,0.18981229,0.26750644,0.18167884,0.20281467,0.28261615,0.29960512,0.21382629,0.20361941,0.25790509,0.19888619,0.33237601,0.19169590,0.17607365
0.27367317,0.28855599,0.27687505,0.28783305,0.25967991,0.19484853,0.27509237,0.22681394,0.25802929,0.22205080,0.29509320,0.21189439,0.23063670,0.19639606,0.25341482,0.22126911,0.23116727,0.26267423,0.18077127,0.22786830,0.19478623,0.24908373,0.24859413,0.23116608,0.26344946,0.22637254,0.21850810,0.27843186,0.20758494,0.22034660,0.20779721,0.25715841,0.22278171,0.21793028,0.24106022,0.29402302,0.31413462,0.28770973,0.80000000,0.21930273,0.22446387,0.22597199,0.27151467,0.22877893,0.21987552,0.27744556,0.28937553,0.20819933,0.21714491,0.27034828,0.21107537,0.22950403,0.22167650,0.18931002
0.20450292,0.20863196,0.21738676,0.23329428,0.18892183,0.17530853,0.24425867,0.18919177,0.19361368,0.15420767,0.21174664,0.16444500,0.19078217,0.16574753,0.21116159,0.21922960,0.19533186,0.23436449,0.18206828,0.16159592,0.18216474,0.20298505,0.19689764,0.22335117,0.22474276,0.29672339,0.26648033,0.22497228,0.30911869,0.25473137,0.24625297,0.21709074,0.22247482,0.26168974,0.18786317,0.22984492,0.20772250,0.19496944,0.21930273,0.80000000,0.24831113,0.30793320,0.20100288,0.25103874,0.22744693,0.20561139,0.20487298,0.15579896,0.27129903,0.20518742,0.25423061,0.16891421,0.16689808,0.18793161
0.20882136,0.24572664,0.20785543,0.19376272,0.17782551,0.18439094,0.22779316,0.17347536,0.17609270,0.15757967,0.19887811,0.16065591,0.19019442,0.15502541,0.21573026,0.19750455,0.19835388,0.22193749,0.16970677,0.14971051,0.18324554,0.19709970,0.19931296,0.23080600,0.22054301,0.24366007,0.26226184,0.23449176,0.22460182,0.26545227,0.25230488,0.19615348,0.20857446,0.25785770,0.19552464,0.22618555,0.22646323,0.20091260,0.22446387,0.24831113,0.80000000,0.21864109,0.19906862,0.23262419,0.18864521,0.19715882,0.19829330,0.14547172,0.23128371,0.20135274,0.25153842,0.16030043,0.15167496,0.22567186
0.19624508,0.19544679,0.23557378,0.20608578,0.17534364,0.17150978,0.21872503,0.16663654,0.17425367,0.13182019,0.19457549,0.15186081,0.18821654,0.15638788,0.19700629,0.20267722,0.18930782,0.24448225,0.16193500,0.15809077,0.18576418,0.19830901,0.18832869,0.25898528,0.21663389,0.21925540,0.22809632,0.21523281,0.30580185,0.23252468,0.20330350,0.20775015,0.20659310,0.23384421,0.18326341,0.20900105,0.19513597,0.18981229,0.22597199,0.30793320,0.21864109,0.80000000,0.20398417,0.23134219,0.18583500,0.20714225,0.20381798,0.13739958,0.21840277,0.20116102,0.18658763,0.14109875,0.16229444,0.18743413
0.26168968,0.29158218,0.23244490,0.28660576,0.27728802,0.20590373,0.23573200,0.23189802,0.25980480,0.21978092,0.26775830,0.20472546,0.23607396,0.19570139,0.26539520,0.19895380,0.23937372,0.22721885,0.17354519,0.26565202,0.21492675,0.32230575,0.28276403,0.20846232,0.24856403,0.21110060,0.19775168,0.27672728,0.19635159,0.21026224,0.20025261,0.26194640,0.19663349,0.20061899,0.23329321,0.27387027,0.29210805,0.26750644,0.27151467,0.20100288,0.19906862,0.20398417,0.80000000,0.21250788,0.22769837,0.27860881,0.27413670,0.22297845,0.20585976,0.27677954,0.20598165,0.22812140,0.17279383,0.17078507
0.20328271,0.18449444,0.20805552,0.16856394,0.15984867,0.16826051,0.20220193,0.14801084,0.16596934,0.11845055,0.18100975,0.14691509,0.20910459,0.13829504,0.19269278,0.21325905,0.20504725,0.23161392,0.16791123,0.12948737,0.18421141,0.19110819,0.19208774,0.22819717,0.21652794,0.25056287,0.27068967,0.21329536,0.23710012,0.23813172,0.22096140,0.19580756,0.22442582,0.25679593,0.17457862,0.20786971,0.19572781,0.18167884,0.22877893,0.25103874,0.23262419,0.23134219,0.21250788,0.80000000,0.15770897,0.19696787,0.22802520,0.12448929,0.20624737,0.20898440,0.19574369,0.13400286,0.14198860,0.19101501
0.22335111,0.23659404,0.26013174,0.24066753,0.23734323,0.20489821,0.29184659,0.25057050,0.23384302,0.23837456,0.22371071,0.20156003,0.17085298,0.21614742,0.22251828,0.21458908,0.19225514,0.22394943,0.19836587,0.22720770,0.18927876,0.19666724,0.22009651,0.16276312,0.26609401,0.21567329,0.19120186,0.25907379,0.19122155,0.18744197,0.20330796,0.22374277,0.21471058,0.18989859,0.20186711,0.21311684,0.21180632,0.20281467,0.21987552,0.22744693,0.18864521,0.18583500,0.22769837,0.15770897,0.80000000,0.21082966,0.19040701,0.21236750,0.25502618,0.21859939,0.26205457,0.22750767,0.23692780,0.18240530
0.29089262,0.35829409,0.25839516,0.32532344,0.29743227,0.21419305,0.26856603,0.23969694,0.32912533,0.23872681,0.28483554,0.23038874,0.23795050,0.19959133,0.27490606,0.20033113,0.24606897,0.23757560,0.17244469,0.26294136,0.21993659,0.31193608,0.27143499,0.20449462,0.24501548,0.21111788,0.19582579,0.26416769,0.20379235,0.20129438,0.19641157,0.24889187,0.18077717,0.20480967,0.24600294,0.29141088,0.32095102,0.28261615,0.27744556,0.20561139,0.19715882,0.20714225,0.27860881,0.19696787,0.21082966,0.80000000,0.27303758,0.22458991,0.21342566,0.26451218,0.20952972,0.24761047,0.19480471,0.17436991
0.27147383,0.28126023,0.23966971,0.26792516,0.25156723,0.20041745,0.23773178,0.21758721,0.26545125,0.21257986,0.30383369,0.21152102,0.23991859,0.18309230,0.24846024,0.19212885,0.25139204,0.24059413,0.16554960,0.22289963,0.20821201,0.26567078,0.26344326,0.20041206,0.25882707,0.20456178,0.20018608,0.26333992,0.19997619,0.19530712,0.19482023,0.23895069,0.19809807,0.20280519,0.23968328,0.31312845,0.29329017,0.29960512,0.28937553,0.20487298,0.19829330,0.20381798,0.26740030,0.22802520,0.19040701,0.27303758,0.80000000,0.21475142,0.19469138,0.28084249,0.18018292,0.25675668,0.18208444,0.18181763
0.20395879,0.23590678,0.21801878,0.24807977,0.26102196,0.20237118,0.21388895,0.23223997,0.24785680,0.24555757,0.22873059,0.23156882,0.15510090,0.23918761,0.29615151,0.20494839,0.18510179,0.16391576,0.18808099,0.26824372,0.17435654,0.20874987,0.21953969,0.12922683,0.19365704,0.19474820,0.14147598,0.22782192,0.14032105,0.14960130,0.16771391,0.39162638,0.17862827,0.14470032,0.20147148,0.22389909,0.23994093,0.21382629,0.20819933,0.15579896,0.14547172,0.13739958,0.22297845,0.12448929,0.21236750,0.22458991,0.20883102,0.80000000,0.19882367,0.26947604,0.19244741,0.22841512,0.20825397,0.11038840
0.20774384,0.24124337,0.23362190,0.22093188,0.22521694,0.21010802,0.26465007,0.22297391,0.22064324,0.20811129,0.21723479,0.19863328,0.16904139,0.21934250,0.24056995,0.22655867,0.18697190,0.21427083,0.20921757,0.20382028,0.19605084,0.20431813,0.22005275,0.18651473,0.23602004,0.27023544,0.21934348,0.23585734,0.21515249,0.22620045,0.28387918,0.23252138,0.21116896,0.22267387,0.20337860,0.21521357,0.24695505,0.20361941,0.21714491,0.26633743,0.22770311,0.21840277,0.20585976,0.20624737,0.25502618,0.21342566,0.19469138,0.19882367,0.80000000,0.21726577,0.29621494,0.20855786,0.19086914,0.15527631
0.26778580,0.28339385,0.25473168,0.28217416,0.29435375,0.21976408,0.24879209,0.23616300,0.26202262,0.22377028,0.26931605,0.21664321,0.21910601,0.21994132,0.31186595,0.22020783,0.23630750,0.23342397,0.19655041,0.27118831,0.21146861,0.25651244,0.26244627,0.20121695,0.24974789,0.22925677,0.20801710,0.26751925,0.19901940,0.20347226,0.21032190,0.30208551,0.21946015,0.20077429,0.22802172,0.26777795,0.28594228,0.25790509,0.27034828,0.20518742,0.20135274,0.20116102,0.27677954,0.20898440,0.21859939,0.26451218,0.28084249,0.26947604,0.21726577,0.80000000,0.20721605,0.23421244,0.21224897,0.18413001
0.19999270,0.26973874,0.27506663,0.22257818,0.22520807,0.19942152,0.30807174,0.22532690,0.22113973,0.20121542,0.22018309,0.18198348,0.16238503,0.21604657,0.21835012,0.23091149,0.17508410,0.23196169,0.20271187,0.20710673,0.19517260,0.20129037,0.20386520,0.18278535,0.26310799,0.28135637,0.23224366,0.22877105,0.20353956,0.23240435,0.23225466,0.22112634,0.21470544,0.23775228,0.18939084,0.21767069,0.25400488,0.19888619,0.21107537,0.25423061,0.25603862,0.18658763,0.20598165,0.19574369,0.26205457,0.20952972,0.18018292,0.19244741,0.29621494,0.20721605,0.80000000,0.23452512,0.20469942,0.15298255
0.23489508,0.27494973,0.25082113,0.28844833,0.28585529,0.21057299,0.27956350,0.25553324,0.27459547,0.24811140,0.31758656,0.22713354,0.18279168,0.21615963,0.23025942,0.19883651,0.20739773,0.19412293,0.18860259,0.27933494,0.20158652,0.23308617,0.26184856,0.15299033,0.32563109,0.18406103,0.16137913,0.26141526,0.14209473,0.15847331,0.16961870,0.22311185,0.17934097,0.16507052,0.21838548,0.33709337,0.25637267,0.33237601,0.22950403,0.16891421,0.16030043,0.14109875,0.22812140,0.13400286,0.22750767,0.24761047,0.25675668,0.22841512,0.20855786,0.23421244,0.23452512,0.80000000,0.20098565,0.13345638
0.18401688,0.19245756,0.25182474,0.23301876,0.19782088,0.16372652,0.27239466,0.19787935,0.20597541,0.20430091,0.19749710,0.19796349,0.13424980,0.17643257,0.18498012,0.20387897,0.14942179,0.19408670,0.18042965,0.20695045,0.15383457,0.18277217,0.19121545,0.12107996,0.23518413,0.18496973,0.14722613,0.19664682,0.14623619,0.14471308,0.15357820,0.21480787,0.18015602,0.15860302,0.18136882,0.17948511,0.19916608,0.19169590,0.22167650,0.16689808,0.15167496,0.16229444,0.17279383,0.14198860,0.23692780,0.19480471,0.18208444,0.20825397,0.19086914,0.21224897,0.20469942,0.20098565,0.80000000,0.12729015
0.19814392,0.16412310,0.16983352,0.15514515,0.14873800,0.16428372,0.16003751,0.14805470,0.14980276,0.13593227,0.16775892,0.14792129,0.17533036,0.11374090,0.18230535,0.14574182,0.18070321,0.18357269,0.12736777,0.11406449,0.16498527,0.16883883,0.17147941,0.19350726,0.16015090,0.16995348,0.19677465,0.16564318,0.18782971,0.19823464,0.19867051,0.15489462,0.18296029,0.18131269,0.17057729,0.19086714,0.17150876,0.17607365,0.18931002,0.18793161,0.22567186,0.18743413,0.17078507,0.19101501,0.18240530,0.17436991,0.18181763,0.11038840,0.15527631,0.18413001,0.15298255,0.13345638,0.12729015,0.80000000
