0.80000000,0.27054706,0.23966210,0.23293806,0.21224920,0.23583552,0.20492163,0.20505456,0.20692953,0.20733168,0.21268061,0.21555604,0.21035876,0.21097548,0.21190098,0.21921109,0.20943895,0.20272712,0.22963980,0.25349532,0.23432267,0.23304092,0.19744776,0.28192251,0.28312461,0.21674922,0.20077682,0.20603776,0.20151250,0.20759844,0.20120874,0.21956540,0.20231080,0.18559926,0.21826751,0.21819719,0.20379033,0.20833128,0.21896966,0.21873078,0.24998984,0.28139894,0.24762734,0.28069710,0.24432838,0.23748040,0.19529573,0.19711009,0.19902144,0.23365554,0.20061218,0.19975380,0.20038078,0.20079598,0.21396436,0.20840629,0.20835580,0.20681550,0.20925156,0.20840708,0.22469186,0.21098032,0.20743984,0.20973404,0.19926385,0.22878170,0.20889854,0.19969335,0.25077125,0.23566962,0.24046207,0.24089434,0.25486544,0.24703337,0.25159127,0.23508870,0.24077080,0.25314327,0.25641183,0.24227698,0.25334654,0.25473392,0.22953232,0.23538472,0.27016433,0.25016776,0.25496923,0.24595937,0.24863419,0.25030172,0.23097622,0.23281867,0.24950197,0.23220402,0.23266532,0.21943560,0.23207690,0.23715137,0.23372267,0.25053426,0.23030567,0.25226215,0.25365636,0.24684207,0.22890763,0.24404714,0.28391683,0.23484475,0.21645964,0.22460709,0.20031457,0.22992550,0.24854872,0.25185805,0.28056870,0.25346350,0.27735642,0.23211909,0.18480958,0.20787637,0.20192246,0.20690988,0.20239465,0.20694171,0.26274018,0.26890108,0.20095053,0.22950829,0.26495148,0.23670421,0.22450835,0.21916459,0.24977755,0.23654494,0.23632775,0.25182300,0.26682407,0.26963545,0.20975122,0.20247931,0.25333070,0.24305151,0.26248751,0.23023807,0.19874167,0.20157329,0.24216730,0.21845799,0.24288042,0.24180104,0.24013914,0.22502730,0.22115147,0.23687161,0.24152997,0.22763454,0.24289115,0.21504777,0.21138828,0.21036337,0.21021829,0.20017634,0.19466673,0.19153484,0.19383639,0.21840146,0.22844250,0.20258671,0.22913849,0.22956487,0.22861711,0.21653494,0.23039179,0.22973872,0.22802507,0.24925250,0.22444027,0.21753652,0.24390500,0.22078047,0.24151106,0.28488287,0.19791699,0.27695058,0.26035824,0.28690570,0.26850191,0.25184694,0.22398057,0.22274617,0.20866842,0.26672416,0.23497051,0.25559687,0.20269666,0.25491746,0.19832292,0.25219108,0.25125023,0.19812796,0.25285626,0.24866194,0.25345489,0.28714452
0.27054706,0.80000000,0.22602472,0.28023310,0.23122449,0.23725921,0.22194748,0.22347743,0.22496409,0.22036453,0.22812096,0.22803996,0.22072348,0.22304707,0.22401977,0.22695179,0.22648566,0.21078956,0.21956659,0.25009225,0.23433612,0.23088983,0.20766682,0.25047885,0.25401019,0.21771606,0.20609408,0.20760859,0.20404672,0.21222534,0.20720243,0.22074146,0.20535013,0.19284392,0.21988775,0.21725397,0.20587362,0.21334770,0.21708623,0.21788500,0.23834146,0.28962106,0.23099978,0.27499682,0.24893210,0.24285294,0.20379243,0.20551193,0.20686232,0.23530636,0.20963066,0.20911043,0.20895131,0.21089087,0.22237052,0.21750105,0.21707495,0.21684930,0.21745799,0.21710444,0.22577313,0.22337964,0.22102852,0.21762584,0.19427429,0.22946247,0.22874320,0.22016036,0.24994769,0.23442276,0.23990533,0.24080256,0.25791052,0.24261514,0.24256709,0.23726990,0.24404723,0.25012151,0.25010852,0.23152132,0.24836977,0.24848534,0.23138023,0.25903779,0.24659901,0.25275441,0.25137481,0.24803712,0.24382204,0.25118051,0.23622795,0.22673951,0.24702399,0.23420021,0.23498212,0.22668154,0.23358495,0.23915124,0.26153670,0.25068592,0.22150101,0.25408105,0.25004888,0.24706101,0.24408013,0.24839935,0.28078865,0.23908030,0.22703182,0.23514649,0.21533945,0.25222808,0.24390964,0.25164515,0.28337821,0.25309497,0.28804789,0.22714402,0.20163538,0.21696680,0.21563632,0.21839402,0.21827710,0.21967516,0.26461538,0.26833995,0.21784473,0.28666591,0.27488260,0.25053511,0.22894103,0.23037905,0.24481092,0.24922917,0.23480573,0.25341133,0.27167144,0.26542487,0.21416584,0.21588071,0.24837356,0.23217092,0.26316397,0.22798362,0.25835521,0.22278036,0.23934337,0.22663841,0.23878444,0.23926669,0.23878553,0.23877694,0.26379567,0.23833300,0.23762980,0.22831055,0.23967003,0.21966641,0.22564147,0.21709176,0.22550398,0.21616198,0.20984011,0.21122336,0.20984935,0.23258088,0.46589132,0.22448878,0.22421016,0.22464564,0.22930998,0.21841662,0.22726121,0.22734804,0.22904143,0.24171925,0.21302961,0.20711763,0.22646095,0.21065432,0.23005689,0.28847213,0.20593987,0.27211156,0.26486680,0.28844414,0.27089013,0.24239775,0.21631227,0.21974214,0.22559704,0.26731225,0.25314942,0.25759232,0.21496656,0.24969827,0.21442843,0.24102744,0.25104665,0.20574171,0.25354406,0.24350079,0.24462353,0.26787991
0.23966210,0.22602472,0.80000000,0.21219479,0.22750322,0.25330141,0.21888387,0.22073203,0.22033232,0.22035198,0.22728648,0.19500251,0.21788403,0.21983624,0.22025393,0.22222567,0.31596901,0.30317845,0.24537820,0.24944360,0.23817222,0.24408014,0.20803272,0.21998199,0.25989366,0.23076828,0.21644337,0.21894939,0.22154945,0.22443601,0.21942055,0.23297211,0.21738740,0.19928508,0.23585965,0.23233714,0.21708651,0.22227375,0.23263391,0.23022160,0.24045909,0.25015291,0.42449949,0.22069597,0.24537745,0.22304251,0.21301280,0.21354394,0.21276079,0.24038757,0.40019977,0.40009994,0.21910458,0.39990667,0.29748989,0.22466511,0.29156641,0.24797676,0.22320731,0.29035150,0.46112619,0.32042815,0.32018056,0.21843951,0.20573874,0.22332424,0.24869035,0.23716693,0.25341432,0.23605690,0.24219234,0.24534900,0.22406239,0.24270457,0.24090277,0.23799819,0.24736654,0.25398295,0.25221269,0.23865094,0.25420975,0.25501410,0.23864839,0.24113388,0.21927686,0.25026022,0.25068581,0.24641624,0.24390224,0.24999797,0.23805716,0.22505673,0.24949613,0.23042732,0.23109498,0.22621820,0.23085969,0.23249434,0.23831698,0.25442512,0.22974351,0.24879660,0.25397906,0.24379173,0.21556083,0.25015773,0.21869259,0.21859490,0.20955394,0.21895229,0.18553886,0.22807186,0.25162976,0.25587633,0.25013835,0.25219927,0.25232635,0.23988535,0.19735331,0.24278701,0.22062935,0.22231517,0.22107922,0.22062020,0.26117338,0.27176793,0.21837707,0.27042264,0.27184772,0.28089089,0.23361148,0.26184186,0.29926296,0.22449250,0.24824692,0.25879995,0.26954621,0.26745571,0.24144055,0.23568097,0.24998512,0.33212952,0.24291965,0.27193916,0.23772653,0.24092890,0.25687509,0.21426426,0.25631060,0.25736659,0.25321509,0.20926449,0.23644991,0.25350132,0.25682927,0.24414145,0.25752200,0.22806093,0.22727824,0.22030184,0.22631291,0.21335707,0.19916736,0.20390684,0.20699199,0.22307034,0.21678847,0.24869395,0.27182189,0.27314994,0.27467596,0.25967724,0.27565663,0.26986765,0.27114478,0.29904411,0.26820127,0.27000512,0.29038255,0.27063336,0.30592480,0.25048065,0.21262308,0.27240094,0.25877455,0.25247505,0.27030327,0.29885879,0.26186776,0.26457993,0.22229214,0.26123717,0.28317750,0.26040861,0.21400350,0.25387608,0.20961424,0.29405397,0.25049141,0.20591234,0.25614154,0.29780980,0.24177830,0.23508321
0.23293806,0.28023310,0.21219479,0.80000000,0.22465915,0.22585639,0.22407150,0.22454242,0.22629440,0.22238257,0.23111694,0.26661300,0.22439453,0.22506583,0.22620544,0.22717105,0.22797275,0.20963519,0.26268848,0.21704332,0.24889197,0.24651215,0.20814198,0.21571461,0.21670169,0.26162678,0.24507340,0.24758460,0.24458276,0.25442385,0.24799784,0.26642282,0.24509469,0.22533961,0.26442664,0.26527298,0.24762095,0.26092172,0.26377811,0.26489897,0.20287724,0.28785289,0.21569939,0.23884377,0.21735031,0.20925272,0.24374588,0.24453404,0.24579472,0.25003006,0.24723394,0.22437813,0.22293195,0.22502345,0.26290487,0.23170770,0.25629540,0.23070398,0.23082303,0.25428239,0.22720209,0.22669241,0.22543012,0.24228960,0.20573984,0.21602536,0.27800446,0.26506834,0.21787847,0.20402629,0.20903031,0.20913146,0.25723065,0.21080563,0.20838377,0.26914734,0.21348683,0.21459955,0.21402691,0.19443154,0.21299659,0.21472765,0.20132984,0.20583213,0.21629659,0.21873306,0.21643520,0.21716683,0.22530392,0.41284767,0.21944972,0.20880222,0.25501588,0.21723010,0.21937710,0.21239003,0.23833184,0.22140162,0.22136349,0.23241910,0.20171951,0.23592085,0.23077845,0.23077161,0.24440048,0.21445016,0.24167011,0.20585328,0.19565809,0.20438226,0.18598763,0.20145422,0.21141960,0.21819467,0.24721586,0.21967502,0.25339845,0.22999354,0.20359533,0.21937495,0.21950689,0.22001254,0.22146479,0.22308808,0.22228822,0.23038940,0.22313952,0.39597626,0.23511864,0.22566580,0.20558289,0.23092750,0.23047092,0.22696467,0.25081267,0.23542082,0.23166491,0.22270739,0.21346608,0.25946959,0.21282880,0.21587856,0.21229359,0.34423560,0.44437418,0.44923959,0.22583115,0.24215419,0.22593492,0.22576528,0.22452650,0.21630609,0.21125623,0.22559496,0.22551201,0.21723886,0.22627333,0.22317375,0.22826306,0.21773426,0.23010466,0.20937481,0.19811886,0.20086006,0.20199720,0.21961521,0.26440019,0.22754539,0.21248287,0.21310803,0.28305693,0.20794755,0.21625071,0.21480290,0.21703186,0.22648744,0.20256682,0.19795445,0.24050416,0.20180155,0.21375581,0.25308639,0.24514702,0.23212765,0.22396657,0.25473296,0.23212952,0.22689049,0.20329593,0.20806636,0.22803137,0.22494753,0.22800489,0.23961814,0.21629464,0.21520537,0.21560123,0.22456924,0.21706582,0.22673588,0.21994823,0.22780189,0.22021368,0.23172472
0.21224920,0.23122449,0.22750322,0.22465915,0.80000000,0.26973986,0.21298293,0.20924830,0.21201725,0.20564821,0.21523448,0.19092679,0.20948971,0.20876341,0.21035347,0.21313746,0.22219934,0.20788484,0.24064794,0.22942236,0.21900186,0.21845152,0.19597088,0.20345614,0.23642456,0.23405966,0.22147445,0.22394531,0.22271877,0.22972685,0.22607750,0.24268266,0.22351124,0.20657578,0.24329828,0.24031458,0.22531783,0.23198161,0.23695696,0.23853675,0.21927543,0.23141433,0.23262694,0.21717756,0.23038160,0.22673971,0.22396543,0.22370099,0.22676562,0.21982112,0.20118346,0.20007678,0.19860307,0.20108830,0.20685439,0.20466100,0.20410221,0.20355605,0.20354371,0.20175067,0.22301089,0.21999955,0.22115264,0.20551003,0.18574514,0.21464142,0.22250730,0.21356083,0.23394663,0.21762685,0.22479169,0.22279599,0.21212178,0.22780195,0.22631520,0.22178052,0.22441528,0.23259306,0.23274049,0.22069217,0.23194084,0.23157636,0.21617449,0.21734470,0.19645817,0.23448773,0.23133577,0.23173546,0.22567504,0.23320880,0.22104463,0.21232769,0.23353543,0.21852409,0.21742650,0.20902478,0.21566558,0.21696183,0.22080354,0.23347671,0.20759957,0.23304874,0.23148377,0.23417372,0.20840557,0.23135786,0.22623190,0.22183697,0.20599067,0.21634079,0.19888458,0.21820659,0.22951694,0.23386691,0.22722984,0.23479123,0.23308255,0.25251284,0.22030889,0.21854125,0.20660779,0.20752077,0.20883496,0.20747561,0.24930451,0.25330788,0.24873066,0.23564308,0.25842257,0.24849318,0.26202060,0.23052961,0.24369959,0.23502030,0.21943722,0.23450738,0.25695483,0.24715798,0.21336968,0.21494724,0.25546842,0.23338311,0.24693196,0.22249827,0.21355999,0.21722420,0.26811853,0.21973087,0.26823689,0.26895492,0.26976530,0.22613078,0.24547056,0.27087270,0.26843143,0.25505346,0.26889175,0.24932957,0.25614890,0.24480284,0.25490850,0.37123662,0.35279961,0.35651120,0.35269072,0.40061609,0.23305592,0.22219724,0.22118469,0.22248840,0.22829625,0.21705875,0.22368652,0.22504976,0.22792401,0.24194826,0.21015852,0.20336876,0.22502321,0.20771398,0.23604419,0.23265382,0.22421545,0.25308127,0.25329461,0.23428761,0.25672425,0.24279330,0.21429529,0.21796069,0.21240298,0.25156078,0.24988315,0.23825736,0.20230969,0.23292303,0.20053057,0.23895132,0.23057776,0.22712909,0.22978364,0.24014758,0.22524982,0.21574213
0.23583552,0.23725921,0.25330141,0.22585639,0.26973986,0.80000000,0.23404752,0.23156015,0.23344559,0.22864707,0.23824401,0.20769381,0.23109040,0.23190109,0.23311717,0.23324566,0.23223460,0.21289004,0.25387653,0.25876819,0.25269725,0.24802003,0.21499379,0.21720658,0.26324955,0.23503055,0.22280754,0.22311074,0.22251338,0.22938987,0.22446085,0.23805852,0.22171283,0.20490830,0.23510147,0.23937786,0.22402267,0.23204687,0.23689745,0.23881250,0.24320131,0.26148509,0.25933040,0.22620152,0.25840223,0.23497073,0.22239363,0.22288848,0.22547269,0.25345838,0.22776674,0.22665191,0.22603896,0.22794024,0.23937250,0.23365864,0.23355444,0.23321992,0.23196315,0.23103591,0.25000821,0.23294876,0.23250865,0.22250008,0.20789898,0.23630873,0.23797966,0.22789526,0.26544310,0.24852604,0.25207771,0.25284605,0.23565208,0.25443739,0.25342825,0.25228622,0.25559082,0.26115359,0.25942952,0.24243872,0.25765489,0.25910094,0.24202166,0.24516277,0.22079307,0.26387283,0.25779138,0.25799667,0.24919440,0.26101854,0.24708468,0.23459371,0.25582376,0.24274081,0.24181735,0.23416834,0.23581240,0.24194412,0.24496216,0.25977677,0.23136995,0.26114368,0.25891009,0.25692147,0.22452990,0.25624757,0.23035703,0.22628430,0.21525528,0.22361066,0.19911340,0.23819333,0.25480052,0.26127220,0.25301966,0.26333956,0.26402226,0.30657604,0.25145318,0.22934708,0.22952746,0.22885844,0.23083845,0.23412272,0.26569774,0.27509256,0.28353344,0.24103624,0.28074090,0.26036031,0.29485430,0.24107286,0.27491746,0.28574742,0.25484758,0.26035240,0.27333036,0.26407622,0.21888408,0.22299713,0.30951305,0.26028551,0.24703387,0.25349360,0.22702339,0.23114068,0.41458486,0.26551564,0.41599287,0.41818391,0.41806173,0.27465189,0.39020214,0.39711131,0.41429979,0.39881454,0.42377520,0.28410039,0.28971841,0.27467138,0.29229498,0.24808628,0.23528318,0.23871255,0.24006821,0.26246957,0.23196370,0.23525129,0.27257150,0.27463741,0.28279203,0.26919245,0.27689018,0.27984427,0.28416442,0.27306027,0.23873881,0.23447241,0.25950113,0.23746334,0.26093040,0.25733979,0.22368790,0.28019546,0.26868048,0.25707788,0.27691016,0.30094284,0.26410736,0.26806966,0.23779399,0.26405409,0.26429596,0.26736930,0.22085324,0.25705218,0.22014925,0.26999544,0.25729222,0.25735915,0.26436076,0.27286854,0.24292470,0.24263512
0.20492163,0.22194748,0.21888387,0.22407150,0.21298293,0.23404752,0.80000000,0.39945193,0.40845135,0.38755124,0.39378874,0.33272427,0.37737078,0.39080491,0.55278025,0.53827886,0.29395121,0.27257979,0.22040336,0.21909035,0.29842583,0.28110605,0.24384721,0.18550367,0.22578984,0.26816727,0.26893148,0.26862848,0.26544943,0.26011063,0.26917080,0.26932520,0.24989874,0.22967227,0.26545576,0.26389617,0.26848859,0.25992857,0.26830575,0.26888594,0.20288539,0.22193336,0.22631669,0.21629799,0.22583480,0.22187829,0.26284025,0.26755498,0.26918768,0.29871348,0.25525252,0.25584209,0.25420713,0.25762311,0.27410369,0.26436445,0.26425870,0.26371203,0.25947238,0.26032600,0.29439042,0.26148750,0.26078968,0.25179280,0.24161810,0.29252158,0.23432871,0.22366473,0.22784092,0.21089562,0.21501590,0.21356797,0.20283524,0.21732877,0.21862068,0.23161151,0.21677135,0.22241416,0.22199112,0.20924869,0.21983479,0.22103569,0.20990463,0.21345097,0.19052220,0.22592030,0.21883359,0.22396007,0.23063874,0.24112507,0.22958347,0.21453389,0.23566760,0.22655234,0.22584902,0.21763390,0.21860173,0.22709883,0.22698371,0.23770529,0.21230357,0.24463215,0.24069978,0.23971656,0.19641941,0.22212140,0.22067073,0.21564191,0.20229028,0.21230930,0.18625475,0.21015589,0.22006718,0.22605598,0.21565566,0.22555080,0.22604992,0.23422425,0.20294792,0.25588328,0.26033669,0.25863951,0.25565003,0.26043247,0.23782599,0.24163033,0.23016155,0.22844409,0.24491442,0.24225363,0.21618536,0.36341253,0.23838398,0.20631929,0.28353905,0.23925318,0.23646733,0.22727216,0.34074518,0.22314921,0.22143649,0.23028068,0.22833418,0.23160902,0.22237404,0.22606417,0.23426518,0.19358857,0.23333437,0.23417424,0.23335721,0.19367144,0.21419821,0.23489178,0.23371308,0.22288999,0.23557005,0.22901359,0.23454239,0.22379382,0.23714592,0.19678854,0.18876280,0.19435952,0.19385456,0.20820643,0.20094666,0.23005506,0.21658356,0.21696715,0.22167509,0.21179604,0.21910015,0.21908331,0.22145038,0.23815139,0.20797131,0.20533306,0.22506633,0.20701586,0.22634393,0.22388894,0.26702751,0.24236711,0.23805213,0.22233269,0.24442903,0.23460393,0.20929557,0.21236124,0.39649536,0.23367114,0.24593575,0.24673105,0.25021774,0.22266380,0.27734531,0.23539401,0.22053494,0.20809784,0.22487489,0.23909859,0.22686068,0.22110040
0.20505456,0.22347743,0.22073203,0.22454242,0.20924830,0.23156015,0.39945193,0.80000000,0.42397264,0.42842609,0.39981373,0.34068894,0.38165945,0.40727964,0.37709393,0.36605904,0.29927476,0.28570700,0.22602145,0.22567070,0.30531546,0.28662999,0.24793176,0.19802072,0.23244260,0.28987946,0.26269068,0.26501278,0.26409351,0.25552699,0.26775905,0.27393948,0.24980999,0.23112426,0.26684569,0.26615795,0.27074925,0.26226036,0.26701056,0.26763945,0.21573891,0.22786064,0.22853075,0.21699821,0.22561778,0.22530080,0.26295595,0.26460381,0.27179923,0.30812181,0.25317104,0.25348603,0.25389460,0.25709198,0.27401256,0.26519411,0.26515964,0.26494924,0.26494354,0.26506441,0.29493464,0.26184195,0.25921826,0.26047286,0.25318149,0.29301669,0.23615561,0.22510089,0.22753318,0.21344353,0.22179058,0.21815165,0.21012120,0.22141734,0.22493685,0.22972016,0.22143929,0.23035060,0.23102403,0.21979373,0.22719376,0.22614757,0.21171349,0.21639144,0.19359243,0.23010526,0.22699758,0.22400126,0.23779614,0.24039908,0.22709410,0.21441038,0.24079127,0.22577051,0.22566852,0.21333223,0.22467300,0.23073923,0.22913274,0.24130620,0.21190684,0.24471977,0.24040199,0.23943324,0.19516683,0.22338811,0.21926736,0.22207857,0.20175604,0.21571106,0.19545834,0.21333873,0.22569875,0.23009127,0.22323589,0.22830755,0.22566709,0.23781674,0.20652036,0.25607466,0.25471716,0.25769530,0.25712255,0.25824304,0.24676778,0.24398924,0.22894179,0.23820979,0.24587682,0.24639184,0.22823510,0.35831009,0.23874401,0.21095989,0.28874744,0.24217498,0.24073758,0.23742624,0.34739247,0.22825844,0.23098715,0.23404314,0.23994199,0.23876369,0.22631629,0.22971459,0.23440249,0.19408836,0.23306811,0.23416782,0.23424584,0.19533294,0.21847583,0.23349000,0.23254426,0.22228235,0.23651272,0.23617271,0.23856006,0.23657741,0.23878248,0.19642160,0.19126561,0.25539469,0.25247015,0.21358848,0.20421504,0.23218649,0.22083851,0.22299643,0.22461662,0.21472637,0.22291069,0.22424631,0.22456731,0.23711150,0.21436914,0.20860503,0.22873827,0.21028430,0.23144028,0.22505998,0.26644450,0.24712771,0.24508216,0.22431522,0.24689447,0.24260544,0.21830476,0.21945900,0.41023097,0.24268494,0.24652106,0.24763400,0.25949083,0.22839961,0.28316265,0.23893724,0.22896603,0.21986435,0.23018608,0.24259837,0.23515631,0.21448066
0.20692953,0.22496409,0.22033232,0.22629440,0.21201725,0.23344559,0.40845135,0.42397264,0.80000000,0.40457257,0.39563939,0.34118751,0.38007187,0.40046998,0.38211368,0.36784548,0.29773733,0.27983600,0.22175994,0.22402687,0.30838707,0.28476930,0.24209668,0.19310477,0.23134146,0.26444659,0.26677223,0.26527044,0.26390367,0.25577409,0.26833245,0.27442806,0.25220066,0.23207900,0.26712054,0.26487499,0.27342398,0.26764918,0.26820854,0.26907132,0.21172620,0.22664270,0.22808671,0.21511205,0.22733839,0.22458650,0.26463703,0.26713412,0.27475668,0.30889454,0.25444511,0.25630541,0.25397500,0.25758065,0.27345213,0.26590101,0.26682182,0.26505794,0.26403781,0.26490967,0.29545211,0.26117711,0.25908971,0.25411613,0.24491426,0.29312389,0.23637348,0.22596225,0.22681703,0.21129878,0.21769643,0.21423888,0.20241768,0.21671680,0.21983184,0.22865615,0.22013981,0.22363308,0.22430354,0.20804640,0.22188045,0.22378586,0.21024649,0.21494385,0.19116704,0.22986309,0.22668319,0.22516211,0.23488535,0.24029122,0.22539138,0.21421305,0.23584251,0.22517901,0.22569961,0.21415553,0.21981021,0.22951769,0.22593463,0.23706467,0.21081754,0.24651532,0.24029518,0.23885714,0.19510137,0.22449761,0.21936333,0.21624062,0.20208229,0.21262177,0.19223288,0.20789890,0.22125901,0.22704088,0.21941595,0.22931020,0.22717882,0.23868934,0.20757447,0.25539096,0.25566588,0.25721316,0.25782880,0.26147141,0.24017525,0.24499040,0.23067217,0.23230328,0.24336458,0.24652617,0.22301571,0.36406523,0.24021109,0.20825543,0.28718236,0.24097352,0.23902232,0.23510674,0.34980542,0.22476706,0.22506882,0.23267959,0.23464544,0.23509482,0.22522855,0.22859825,0.23514644,0.19278960,0.23446622,0.23508478,0.23515649,0.19534363,0.21736870,0.23641242,0.23335609,0.22412706,0.23657405,0.23435057,0.23844257,0.22821330,0.23811105,0.19634477,0.19100999,0.19330027,0.19410563,0.21267069,0.20446074,0.23596221,0.21882671,0.22018266,0.22399220,0.21450174,0.22274250,0.22108252,0.22441565,0.24028904,0.21019646,0.20808679,0.22567916,0.20917189,0.22885884,0.22595952,0.26840163,0.24481886,0.24183266,0.22653659,0.24671402,0.23880355,0.21280533,0.21604356,0.44141049,0.23950779,0.24836427,0.24813400,0.25327180,0.22589109,0.28213294,0.23926093,0.22660362,0.21493647,0.23002772,0.24213312,0.23284318,0.22100635
0.20733168,0.22036453,0.22035198,0.22238257,0.20564821,0.22864707,0.38755124,0.42842609,0.40457257,0.80000000,0.38352490,0.32934121,0.36976413,0.39102767,0.36608160,0.35708501,0.29915431,0.29047546,0.22898327,0.22420745,0.30102959,0.28678024,0.25038124,0.19983467,0.23125313,0.26869990,0.26354021,0.26599942,0.26606543,0.25449450,0.26510698,0.26927896,0.24743647,0.22803097,0.26864523,0.26538666,0.26520136,0.25766204,0.26430429,0.26331278,0.21836010,0.22502408,0.22862140,0.21671920,0.22422485,0.22490780,0.26030058,0.26214458,0.26932633,0.30290664,0.25232630,0.25123387,0.25270291,0.25560904,0.27123062,0.26302661,0.26382102,0.26439224,0.26413898,0.26699255,0.29425210,0.26157598,0.25987545,0.26589123,0.26146417,0.28912764,0.23381697,0.22281108,0.22474031,0.21376627,0.22224963,0.21629521,0.21356763,0.22170313,0.22813451,0.22740084,0.22467555,0.22934794,0.23193836,0.22789669,0.22625009,0.22893327,0.21270892,0.21791707,0.19226049,0.22878556,0.22679364,0.22442640,0.24308810,0.23717630,0.22590076,0.21202763,0.23965643,0.22354370,0.22335635,0.21215371,0.22416849,0.22934819,0.22898412,0.24034942,0.21035182,0.24206255,0.23851288,0.23636895,0.19342324,0.22253740,0.21817428,0.22649798,0.20350240,0.21890860,0.19277880,0.21658813,0.23162977,0.23164187,0.22517213,0.22573738,0.22243484,0.23598076,0.20738689,0.25695213,0.25485957,0.25758955,0.25771638,0.26113933,0.25423727,0.24486411,0.22757667,0.24142576,0.24513662,0.24518970,0.23204155,0.34921101,0.23773465,0.20740746,0.28553487,0.24588395,0.23872759,0.24150099,0.34410974,0.22606489,0.23529034,0.23144668,0.24204252,0.23968274,0.22415993,0.22789098,0.23001774,0.18920481,0.22953521,0.22955677,0.23119862,0.19474783,0.21856674,0.22831322,0.22899322,0.21980236,0.23495340,0.23930714,0.23803448,0.24024564,0.23959981,0.19466262,0.18732983,0.19349656,0.19127833,0.20965664,0.20268652,0.23000751,0.22192267,0.22582302,0.22394943,0.21383720,0.22349754,0.22255480,0.22272176,0.23628406,0.22106007,0.21380382,0.23433423,0.21266367,0.22712598,0.22670247,0.26378062,0.25027084,0.24515833,0.22449234,0.24716880,0.24497406,0.22325684,0.22385125,0.39155762,0.24274698,0.24283117,0.24757503,0.25905138,0.23328754,0.27756878,0.24074997,0.22912171,0.22444992,0.23139348,0.24170952,0.23758390,0.21105848
0.21268061,0.22812096,0.22728648,0.23111694,0.21523448,0.23824401,0.39378874,0.39981373,0.39563939,0.38352490,0.80000000,0.32235327,0.36651642,0.38544131,0.35191891,0.36447139,0.26704531,0.24909605,0.22833039,0.22789286,0.30730094,0.28448103,0.25031033,0.19609603,0.23568135,0.27329672,0.27427482,0.27385424,0.27042596,0.26597358,0.27331852,0.27816893,0.25709258,0.23749871,0.27167860,0.26882975,0.27267300,0.26610604,0.27440486,0.27607540,0.21702244,0.23161241,0.23430205,0.22014640,0.23144820,0.22634510,0.26849988,0.27236208,0.27577572,0.30990883,0.26244290,0.26283138,0.26148824,0.26527417,0.28330050,0.27191813,0.27258161,0.27141088,0.26945094,0.26905354,0.26740291,0.26812766,0.26720246,0.26014667,0.25067823,0.29886365,0.24185798,0.23122322,0.23493548,0.21865014,0.22299297,0.22188855,0.21058269,0.22704937,0.22759040,0.23640302,0.22354670,0.23048378,0.23086100,0.21486883,0.23038891,0.23144443,0.21697734,0.21810556,0.19525351,0.23329468,0.23183348,0.23178307,0.23877568,0.24947151,0.23432067,0.22186519,0.24282637,0.23057943,0.23218493,0.22183468,0.22783527,0.23452462,0.23325570,0.24744919,0.22056301,0.25058563,0.24808469,0.24719182,0.20156924,0.23095097,0.22291070,0.22053312,0.20784955,0.21520175,0.19270738,0.21599165,0.22978469,0.23444550,0.22454149,0.23423598,0.23112370,0.24082285,0.21068210,0.26424624,0.26442932,0.26478286,0.26644715,0.26711983,0.24340292,0.24956983,0.23478295,0.23926237,0.25226805,0.24888411,0.22826907,0.36560081,0.24621756,0.21259811,0.29117960,0.24765241,0.24625832,0.23987910,0.34652902,0.23018022,0.22810074,0.23582735,0.24028481,0.24006332,0.22995110,0.23303109,0.24050782,0.19983513,0.23971174,0.24069546,0.23823812,0.20068493,0.22087549,0.23995774,0.23922971,0.22877628,0.24147338,0.23781307,0.24059785,0.23102505,0.24296543,0.20260612,0.19482593,0.19806562,0.19641142,0.21377004,0.20734982,0.23528272,0.22400339,0.22488094,0.22818957,0.21855683,0.22716280,0.22723655,0.22797332,0.24579343,0.21623251,0.21457706,0.23301598,0.21805635,0.23149718,0.23045951,0.27294034,0.25064853,0.24433048,0.23091110,0.25170413,0.24408955,0.21760856,0.22050601,0.40284721,0.24244454,0.25118783,0.25342925,0.26142957,0.23191044,0.29469668,0.24162943,0.23055883,0.21601887,0.23234888,0.24548161,0.23606745,0.22691820
0.21555604,0.22803996,0.19500251,0.26661300,0.19092679,0.20769381,0.33272427,0.34068894,0.34118751,0.32934121,0.32235327,0.80000000,0.32535494,0.33744473,0.32108472,0.31086504,0.26118820,0.24988290,0.20299210,0.20391136,0.27247422,0.25229964,0.21968829,0.20213469,0.20641665,0.23486373,0.23312869,0.23256876,0.23096613,0.22248606,0.23299225,0.23921348,0.22300720,0.26145237,0.24036710,0.23359264,0.23786525,0.22711465,0.23494319,0.23708753,0.19647629,0.23327894,0.20329186,0.22396209,0.20249681,0.20286849,0.28183434,0.28308437,0.23743359,0.27401117,0.22674579,0.22553679,0.22718251,0.22849156,0.24171295,0.23299483,0.23419736,0.23585541,0.23613027,0.23589838,0.25899032,0.23140058,0.23173732,0.23277222,0.22296940,0.26527380,0.21131981,0.20281155,0.20112773,0.18879502,0.19718446,0.19529998,0.21478873,0.19898252,0.20165557,0.20375054,0.19650185,0.20571265,0.20582070,0.19388646,0.20277685,0.20559297,0.19204016,0.19323583,0.19694049,0.20450809,0.20606387,0.20292570,0.21376288,0.21139020,0.20420029,0.18974765,0.21155131,0.19957953,0.19657373,0.19099885,0.19859139,0.20446985,0.20345755,0.21364862,0.18839398,0.21575535,0.21284725,0.21315306,0.19751502,0.20022362,0.23011882,0.19750064,0.17634943,0.19088213,0.17646770,0.19374732,0.20368685,0.20541557,0.23169472,0.20722642,0.23206592,0.21122062,0.18993428,0.22737688,0.22545742,0.22738904,0.22870253,0.23091296,0.21676128,0.21745282,0.20293943,0.21461654,0.21704051,0.22059228,0.20457308,0.32534943,0.21456428,0.21433979,0.25084413,0.21575451,0.21663392,0.21252001,0.31806279,0.20447479,0.20698495,0.20593419,0.21413129,0.21333012,0.20406993,0.20644310,0.20842758,0.19706723,0.20827781,0.20809111,0.20901732,0.19899449,0.19734412,0.20780024,0.20771024,0.19967074,0.21082074,0.20905593,0.21257367,0.20915552,0.21260252,0.17902403,0.17566232,0.17921713,0.18950283,0.19078858,0.18787714,0.20633757,0.19977940,0.20132563,0.20126518,0.19466070,0.20098752,0.20157657,0.20174354,0.21326904,0.19131614,0.18668734,0.20506780,0.18786603,0.20395364,0.23022848,0.28537006,0.22267711,0.21396959,0.22981925,0.21736849,0.21688580,0.19815437,0.20010795,0.33129828,0.21281022,0.21854260,0.22006863,0.22791486,0.20580084,0.25717397,0.21580776,0.20529218,0.19741007,0.20274976,0.21902804,0.21156125,0.20526596
0.21035876,0.22072348,0.21788403,0.22439453,0.20948971,0.23109040,0.37737078,0.38165945,0.38007187,0.36976413,0.36651642,0.32535494,0.80000000,0.39041434,0.38827441,0.37988564,0.29905048,0.28990810,0.22566636,0.22831808,0.30515054,0.28376905,0.24755649,0.19916368,0.23320150,0.26806379,0.26176087,0.26302519,0.26200404,0.25284272,0.26463302,0.26798453,0.24839775,0.23010194,0.27073513,0.26505033,0.26438027,0.25751314,0.27026189,0.26797399,0.22076502,0.22868104,0.22903539,0.21754226,0.22383438,0.22296781,0.26662675,0.26961246,0.27034028,0.30601678,0.25378660,0.25208644,0.25322006,0.25525677,0.27279112,0.26332504,0.26478490,0.26458840,0.26480138,0.26630735,0.29344652,0.25940942,0.25796891,0.26214177,0.25377967,0.29161607,0.23484315,0.22486838,0.22650600,0.21510840,0.22201891,0.21901222,0.21449030,0.22709339,0.22898215,0.23207272,0.21924013,0.22860609,0.23100992,0.22034384,0.22677409,0.22768892,0.20905427,0.21223744,0.19197207,0.22967098,0.22950216,0.22361449,0.24105879,0.23544845,0.22500022,0.21370239,0.23749630,0.22297892,0.22250425,0.21329195,0.22617023,0.22905393,0.22847854,0.23941984,0.21154236,0.24233436,0.24008496,0.23853043,0.19398963,0.22341341,0.21590795,0.22315568,0.19995527,0.21522877,0.19515247,0.21676129,0.22611971,0.23010061,0.22726792,0.23028202,0.22515673,0.23650448,0.20593848,0.25547538,0.25412077,0.25256379,0.25711523,0.25766113,0.25042616,0.24262155,0.22550643,0.23896162,0.24457483,0.24965604,0.23190393,0.34285476,0.23653096,0.20613735,0.29104127,0.24243029,0.24119968,0.24185462,0.33808399,0.22585909,0.23252574,0.23284986,0.24103630,0.23879634,0.22517375,0.22840893,0.23249617,0.18824344,0.23289818,0.23290335,0.23299684,0.19560582,0.21838393,0.23077547,0.23255798,0.22213774,0.23579613,0.23692025,0.23571342,0.23602953,0.23625141,0.19495596,0.19047035,0.19727321,0.19097712,0.21197660,0.20378756,0.23036837,0.22165862,0.22454016,0.22345849,0.21449996,0.22400065,0.22500686,0.22399128,0.23568072,0.21469138,0.20976987,0.23384373,0.21201182,0.22472518,0.22289472,0.27008660,0.24919971,0.24380637,0.22477187,0.24427484,0.24456106,0.22050035,0.22205551,0.36941962,0.24066558,0.24406747,0.24664764,0.25480886,0.23164095,0.27604630,0.23964933,0.22975739,0.22158581,0.22945647,0.24041439,0.23836838,0.21660901
0.21097548,0.22304707,0.21983624,0.22506583,0.20876341,0.23190109,0.39080491,0.40727964,0.40046998,0.39102767,0.38544131,0.33744473,0.39041434,0.80000000,0.39025041,0.37195117,0.29721993,0.28799985,0.22769484,0.22865800,0.30422455,0.28409962,0.25014208,0.19858505,0.22956458,0.29339255,0.27060466,0.26884199,0.26577393,0.26048146,0.26765695,0.27303978,0.25275103,0.23338164,0.27066804,0.26759533,0.26944036,0.26110222,0.27189144,0.27332044,0.22305296,0.22920718,0.22912032,0.22002820,0.22614163,0.22579537,0.26628887,0.26800139,0.26850524,0.30672622,0.25597001,0.25541741,0.25624452,0.25794359,0.27507949,0.26417729,0.26449790,0.26650824,0.26798398,0.26730588,0.29834776,0.26198263,0.26102823,0.26248238,0.25464694,0.29552697,0.23768837,0.22779246,0.22740992,0.21596700,0.22209972,0.21913219,0.21045664,0.22346677,0.23113328,0.23018519,0.21980043,0.23140754,0.23084443,0.21794080,0.22999590,0.23163948,0.21408535,0.21626298,0.19341236,0.22991656,0.23280226,0.22725601,0.24049548,0.24141003,0.23133411,0.21556171,0.24241409,0.22487269,0.22506331,0.21711811,0.22769845,0.23146617,0.23046607,0.24576389,0.21581141,0.24390069,0.24360850,0.24317902,0.19436460,0.22199808,0.22172499,0.22615861,0.20607516,0.21623874,0.19761231,0.21593200,0.22616886,0.22985744,0.22868837,0.23129773,0.22710955,0.23605475,0.20828261,0.25980321,0.25535811,0.26093769,0.25931527,0.26132789,0.24660867,0.25060713,0.22572817,0.24122871,0.24636946,0.24947140,0.23059615,0.35437643,0.24016280,0.21340868,0.28992896,0.24314653,0.24405345,0.24357732,0.34992433,0.22830060,0.23081704,0.23396850,0.24336059,0.23986100,0.22664581,0.23007415,0.23409560,0.19718775,0.23335984,0.23406466,0.23286499,0.19339934,0.21911415,0.23220846,0.23343641,0.22239213,0.23661239,0.23537258,0.23811219,0.23491118,0.23881307,0.19837211,0.19248935,0.25395370,0.25257797,0.21310629,0.20471839,0.23064933,0.22380065,0.22568154,0.22516342,0.21604851,0.22611397,0.22647032,0.22520200,0.23930504,0.21388574,0.20937999,0.23088618,0.21165066,0.22864659,0.22437138,0.26872371,0.24857290,0.24261109,0.22280305,0.24561639,0.24312475,0.22009869,0.21941806,0.39664621,0.24221389,0.24573933,0.24695544,0.25774332,0.23372442,0.28171202,0.24135675,0.23009631,0.21923107,0.22833017,0.24258252,0.23839491,0.21772387
0.21190098,0.22401977,0.22025393,0.22620544,0.21035347,0.23311717,0.55278025,0.37709393,0.38211368,0.36608160,0.35191891,0.32108472,0.38827441,0.39025041,0.80000000,0.44960302,0.29782734,0.28663787,0.22629203,0.22911789,0.30187894,0.28223105,0.24727351,0.19443258,0.23241820,0.26670620,0.24964406,0.24722094,0.24917516,0.25390554,0.25183398,0.26817974,0.24771862,0.22809292,0.26541457,0.26521810,0.24978264,0.25969875,0.26507017,0.26562193,0.21839223,0.22630973,0.22849643,0.21542375,0.22788558,0.22423378,0.26441899,0.26639198,0.26851330,0.30256307,0.25735941,0.25569895,0.25644408,0.25867003,0.27411359,0.26373994,0.26453056,0.26414645,0.26798444,0.26758199,0.29706077,0.26251286,0.25877622,0.25954014,0.25109722,0.28739153,0.23871917,0.22818749,0.23052352,0.21532485,0.22286510,0.22080281,0.21058341,0.22374541,0.22729221,0.23278838,0.22148474,0.22679840,0.22845398,0.21576739,0.22654259,0.22929800,0.21240535,0.21651115,0.19737751,0.23226960,0.22897064,0.22807972,0.23877513,0.23994784,0.22734823,0.21357556,0.23958292,0.22595953,0.22805381,0.21639738,0.22517217,0.23071001,0.22890285,0.24209245,0.20919574,0.24168864,0.24042398,0.24222420,0.19431591,0.22412804,0.21975784,0.22112365,0.20253585,0.21289360,0.19447924,0.21345810,0.22588316,0.22967259,0.22413399,0.23125533,0.22651456,0.23805885,0.20795803,0.25863965,0.25711973,0.25817967,0.25916819,0.26064516,0.24454242,0.24323869,0.23057173,0.23819215,0.24782573,0.24794838,0.22923226,0.34938924,0.24075781,0.21239297,0.28492868,0.24208887,0.24198399,0.24043222,0.33586287,0.22682368,0.23077639,0.23236141,0.24020759,0.24069339,0.22744368,0.23145972,0.23539715,0.19657622,0.23497755,0.23527284,0.23577408,0.19687633,0.21965978,0.23424733,0.23452322,0.22590989,0.23681654,0.23817542,0.23791449,0.23330630,0.23919781,0.19479229,0.19086636,0.19372551,0.19260182,0.21063494,0.20469173,0.23734468,0.22314076,0.22486702,0.22596395,0.21630450,0.22655378,0.22450099,0.22528287,0.24050799,0.21837488,0.21315793,0.23330035,0.21351641,0.22744973,0.22858962,0.26593287,0.24772724,0.24169379,0.22683015,0.24827903,0.24291246,0.21914304,0.22042864,0.36040792,0.23917160,0.24678393,0.24805150,0.25459738,0.23031831,0.27781518,0.24220606,0.23113107,0.21857516,0.23249169,0.24320841,0.23673125,0.21768767
0.21921109,0.22695179,0.22222567,0.22717105,0.21313746,0.23324566,0.53827886,0.36605904,0.36784548,0.35708501,0.36447139,0.31086504,0.37988564,0.37195117,0.44960302,0.80000000,0.26694014,0.26219322,0.23288466,0.23249098,0.30355703,0.28654848,0.25366070,0.20502150,0.23503601,0.27001953,0.26608578,0.26670545,0.26376882,0.25537634,0.26607674,0.27011639,0.24982668,0.23077323,0.27444619,0.26996348,0.26601690,0.26023417,0.26905781,0.26670376,0.22655007,0.23219465,0.23106431,0.21804683,0.22774400,0.22872775,0.26347804,0.26539666,0.27173166,0.30426663,0.25984175,0.25759493,0.25949418,0.26148426,0.28077650,0.26797751,0.26799669,0.26910330,0.27328078,0.27185361,0.26542165,0.26331858,0.26160054,0.26626125,0.26067727,0.29161185,0.24027224,0.22870667,0.23075488,0.21804563,0.22744455,0.22477965,0.21685008,0.22866725,0.23492167,0.23346267,0.22211422,0.23307513,0.23550571,0.22456381,0.23381329,0.23424806,0.21564666,0.21836795,0.19550420,0.23421705,0.23373697,0.22910243,0.24441501,0.24475994,0.23063408,0.21496572,0.24682140,0.22956581,0.22778364,0.22128616,0.23205641,0.23236484,0.23528509,0.24689094,0.21324130,0.24521508,0.24448984,0.24504487,0.19984593,0.22370760,0.22419871,0.22614036,0.20341983,0.21319157,0.19969650,0.21868971,0.22913524,0.23132333,0.23257753,0.23456743,0.22919988,0.23982151,0.21008358,0.26264107,0.26005868,0.26448881,0.26381536,0.26438000,0.25541742,0.24607798,0.22952558,0.24642828,0.25168963,0.25232223,0.23505085,0.34954821,0.24351076,0.21472909,0.28908802,0.24632292,0.24937558,0.25017705,0.34230029,0.23142311,0.23607675,0.23384764,0.25162774,0.24539470,0.22860028,0.23300881,0.23679471,0.19946160,0.23542923,0.23599100,0.23834733,0.20085276,0.22211003,0.23456062,0.23633068,0.22505794,0.23882012,0.23948526,0.24008497,0.23988974,0.23982495,0.19882021,0.19545696,0.20028959,0.19645220,0.21604309,0.20776853,0.23526627,0.22552229,0.22821064,0.22895727,0.21810677,0.22759278,0.22993011,0.22918713,0.24278356,0.21701888,0.20857829,0.23042773,0.21081845,0.23343614,0.23230455,0.26612271,0.25205491,0.24529315,0.22988452,0.25179231,0.24735459,0.22385534,0.22280283,0.36880853,0.24828340,0.24824806,0.24850733,0.26145393,0.23523087,0.28040809,0.24651175,0.23407851,0.22406811,0.23166034,0.24573545,0.24733158,0.21909544
0.20943895,0.22648566,0.31596901,0.22797275,0.22219934,0.23223460,0.29395121,0.29927476,0.29773733,0.29915431,0.26704531,0.26118820,0.29905048,0.29721993,0.29782734,0.26694014,0.80000000,0.46898675,0.22806609,0.23104367,0.27633523,0.27623647,0.24676957,0.19820424,0.23332354,0.25326443,0.23449428,0.23694080,0.23810739,0.24428187,0.23822536,0.25528675,0.23450938,0.21725921,0.25518545,0.25712189,0.23769178,0.24705267,0.25465437,0.25295551,0.22008322,0.23046684,0.25960457,0.21815544,0.22628261,0.22103181,0.28512370,0.28714805,0.28793612,0.27645121,0.31332262,0.31205895,0.28725067,0.31322909,0.31560311,0.29887981,0.30895867,0.30127430,0.29657437,0.30773256,0.52964042,0.41419524,0.41174193,0.34616930,0.33455667,0.24986927,0.24874867,0.23834828,0.22706750,0.21413396,0.22283602,0.22025863,0.21201937,0.22353891,0.22450836,0.23001190,0.22630253,0.22768813,0.23117449,0.21679095,0.22820096,0.23145156,0.21499443,0.21872668,0.19608079,0.23213299,0.22993667,0.22617048,0.24243876,0.23954737,0.22711565,0.21766245,0.23896695,0.22522028,0.22506308,0.21624932,0.22564196,0.22992056,0.22929340,0.24183972,0.21118646,0.24397106,0.23955522,0.23901828,0.19684876,0.22590915,0.21815776,0.22205548,0.20340075,0.21966839,0.22985865,0.25058526,0.22837036,0.23247008,0.22667379,0.23074530,0.22445822,0.23939284,0.20961909,0.25449762,0.25188928,0.25463915,0.25725709,0.25996106,0.24656106,0.24440730,0.22940506,0.26837103,0.24721099,0.27853209,0.23424407,0.26802918,0.26775791,0.20487433,0.27696657,0.24622224,0.24387011,0.24069030,0.26186496,0.23708083,0.23248369,0.26090830,0.24046254,0.25210155,0.23855930,0.24232337,0.23492294,0.18976464,0.23445218,0.23419174,0.23364333,0.19231139,0.22189445,0.23176263,0.23328005,0.22415260,0.23658501,0.23914843,0.23985350,0.23857488,0.23934818,0.20789517,0.20118147,0.20528578,0.20294127,0.22569716,0.21946074,0.24500377,0.24779574,0.25018378,0.25019609,0.23788615,0.25072774,0.24910379,0.24870139,0.26570370,0.24109592,0.23530497,0.26027422,0.23939131,0.25530435,0.22668011,0.28791435,0.25091329,0.24469266,0.22764098,0.24659884,0.27163254,0.24294300,0.24584778,0.26561253,0.24354425,0.27719129,0.25071622,0.25641589,0.23179313,0.25048055,0.26878190,0.23116236,0.22297401,0.23415677,0.27000966,0.23559035,0.21781192
