0.80000000,0.20825696,0.19751299,0.21000692,0.20887659,0.18314274,0.18665542,0.20887762,0.19576542,0.19059223,0.20588555,0.20664176,0.16347940,0.15594855,0.17795787,0.17759176,0.18416103,0.17682644,0.19072787,0.25336507,0.20232018,0.19590949,0.18251770,0.17810043,0.16709262,0.16540590,0.19100132,0.15541930,0.18019307,0.18660949,0.17390314,0.18294530,0.20143958,0.19092266,0.18158214,0.19769294,0.21154193,0.18403105,0.19016733,0.18577116,0.20582570,0.19228402,0.19136694,0.18500295,0.18518365,0.16761080,0.18964721,0.15635546,0.18949190,0.16562248,0.17852717,0.18465258,0.18401639,0.17463189,0.18951426,0.18047049,0.18253914,0.18801289,0.18253914,0.19062278,0.16607991,0.16752575,0.16607991,0.17843519,0.16378421,0.17843519,0.18495787,0.16378421,0.19162447,0.18998978,0.18988711,0.18770322,0.21534104,0.21324967,0.20865995,0.19963178,0.19660299,0.19579586,0.17328339,0.17809395,0.18890431,0.17185196,0.18425311,0.18908444,0.18868165,0.17128489,0.16428352,0.22695200,0.16428352,0.17800167,0.20810353,0.15760407,0.18235123,0.17113583,0.19345397,0.18457477,0.19503030,0.19075684,0.19103762,0.19964046,0.20628226,0.19834944,0.18939508,0.18158752,0.19597962,0.20879520,0.20405317,0.18414679,0.14971527,0.15388096,0.17911666,0.21387124,0.18018912,0.18400308,0.16590332,0.15355320,0.19467264,0.19193412,0.18176683,0.18798799,0.15460800,0.18172855,0.18587900,0.20912116,0.17587337,0.16999359,0.19278850,0.18825253,0.17517108,0.20186947,0.17417273,0.19720761,0.19486403,0.21835475,0.18828160,0.23770687,0.18841370,0.15949772,0.15949772,0.16559241,0.19277280,0.20040920,0.20279431,0.18228021,0.18066654,0.20041383,0.21290790,0.17376721,0.17956162,0.21129369,0.17883628,0.17725485,0.15820041,0.20933946,0.20619680,0.20014247,0.18186594,0.19917171,0.17718154,0.19643600,0.17718154,0.18647743,0.18297221,0.17968001,0.20738538,0.20929317,0.17666885,0.16852530,0.19376197,0.19369805,0.17839580,0.18384505,0.19860985,0.19875909,0.20457280,0.16590213,0.18875931,0.19685286,0.20031278,0.20384268,0.16435288,0.22891081,0.20424649,0.17271196,0.20280735,0.16326848,0.18864373,0.18381887,0.21826725,0.19730988,0.17983119,0.21025939,0.18960046,0.18570888,0.21425226,0.16979095,0.18500505,0.20372739,0.19432041,0.19927095,0.17111098,0.20339829,0.18135052,0.17827833,0.16195898,0.16285335,0.16860212,0.18262227,0.15682199,0.14026099
0.20825696,0.80000000,0.23360082,0.26077647,0.22492987,0.26792436,0.20560826,0.22607606,0.21794052,0.23161240,0.23901062,0.25746300,0.26027939,0.21148635,0.22383303,0.23243433,0.24964189,0.23164789,0.21476058,0.20596258,0.23849546,0.23669548,0.23238886,0.21619222,0.21372769,0.24305769,0.22922657,0.21708879,0.24247623,0.25431754,0.22048546,0.24899311,0.25153280,0.23263645,0.21102639,0.25163266,0.22439801,0.26927635,0.25917456,0.22888650,0.25422443,0.22916622,0.23992645,0.23173866,0.23346078,0.20577503,0.19633572,0.21993813,0.23253499,0.20686771,0.20491899,0.24027113,0.21454499,0.21334790,0.22968432,0.24216072,0.27032287,0.22423801,0.22870947,0.20688564,0.18427866,0.16356849,0.19117526,0.18404324,0.18382571,0.18404324,0.25126707,0.22970511,0.23044267,0.26481728,0.22765663,0.23057464,0.27253340,0.24661721,0.24555207,0.23267344,0.19089892,0.22675300,0.25445349,0.22546244,0.26264304,0.25771604,0.22540664,0.26078687,0.24145369,0.21289311,0.22229498,0.22302192,0.22674778,0.20779893,0.21798205,0.21449984,0.18256356,0.17939075,0.23068101,0.21990568,0.21012670,0.20434879,0.17888940,0.24093520,0.24792471,0.21438175,0.24624612,0.18432681,0.22196773,0.20361559,0.23516219,0.21483770,0.20631531,0.18652203,0.22990583,0.24130732,0.23864118,0.25281656,0.24975258,0.18830632,0.21552624,0.22830297,0.21715571,0.20769850,0.19201660,0.24913468,0.23791381,0.23526202,0.23619694,0.23722265,0.23489597,0.23655174,0.25037398,0.22659336,0.21730227,0.23272574,0.21183604,0.22662170,0.18769367,0.26433608,0.21845752,0.22173960,0.22705820,0.23598684,0.23225961,0.22760088,0.25003164,0.22211959,0.19656975,0.22147201,0.25391309,0.20615734,0.20815430,0.24207400,0.21393410,0.20992990,0.23328467,0.22936565,0.20993590,0.20941043,0.21227959,0.29447921,0.22998846,0.24155002,0.22036386,0.24231818,0.23029541,0.22826216,0.22040939,0.22834186,0.19730869,0.21568772,0.21652155,0.19757575,0.19008203,0.23259766,0.21257920,0.22658046,0.22334437,0.21661091,0.25836853,0.24784751,0.21931529,0.23783778,0.20121937,0.18706551,0.24621897,0.21093215,0.24963332,0.21409463,0.18735192,0.22171634,0.23884546,0.24051363,0.23488042,0.26433330,0.22584898,0.22444758,0.23293391,0.20787627,0.21715884,0.24168407,0.26162843,0.21243508,0.20124082,0.29524899,0.21796578,0.23557530,0.20066775,0.24058495,0.23961102,0.19816403,0.18372388,0.20793273
0.19751299,0.23360082,0.80000000,0.24153449,0.25613323,0.24992511,0.22802959,0.31686719,0.27376018,0.29937585,0.32568007,0.32238653,0.25320838,0.18152052,0.25953261,0.20955340,0.32380552,0.23861026,0.20608347,0.18899787,0.26076622,0.27054118,0.24467710,0.19425141,0.20771661,0.16352161,0.26008576,0.23986391,0.22200106,0.25405353,0.22872725,0.31210213,0.25039681,0.23910614,0.18181437,0.24690752,0.21451205,0.20191232,0.19797855,0.23580832,0.27828721,0.24156200,0.19693530,0.26052500,0.27618264,0.15662277,0.21221975,0.17533038,0.24230616,0.25017371,0.20721242,0.24727358,0.20983157,0.21486956,0.24239791,0.24666975,0.20451990,0.21322491,0.20590250,0.15676371,0.15619661,0.19428652,0.15579341,0.19091820,0.15333402,0.19629620,0.24022959,0.17852102,0.26926579,0.22382727,0.24606640,0.39092917,0.29071976,0.22871641,0.25133077,0.21946386,0.21745003,0.16433763,0.21561405,0.28268631,0.23293229,0.17123999,0.24129149,0.20906751,0.24399943,0.21085364,0.21927470,0.25586540,0.18225250,0.29449999,0.24115860,0.20977608,0.23134893,0.21241325,0.22365123,0.23711153,0.21061720,0.21777122,0.21554394,0.27307712,0.30234432,0.26118355,0.22893170,0.19981184,0.21767748,0.25871006,0.24728996,0.28966426,0.21138755,0.22040692,0.23460249,0.24875625,0.23873624,0.23860075,0.20444284,0.18841255,0.21948164,0.22053521,0.18818941,0.23057747,0.19157462,0.27716104,0.33344206,0.35835194,0.31233501,0.25831590,0.26893429,0.24625773,0.29959786,0.20070004,0.18164244,0.17146325,0.24959225,0.20047442,0.18179213,0.23887651,0.24387384,0.20930068,0.19342188,0.21839205,0.18204456,0.22497781,0.22583718,0.24129912,0.17967391,0.31580204,0.25453276,0.20603400,0.23879924,0.26426040,0.22658334,0.16760556,0.18295773,0.26311122,0.20568505,0.24279002,0.21860192,0.21012641,0.21589089,0.25342807,0.19671869,0.28807873,0.22154194,0.20119146,0.34639196,0.28710068,0.17996097,0.18206966,0.23246282,0.17966959,0.15981970,0.21146676,0.23130157,0.22836033,0.24483101,0.20511707,0.26617966,0.30156649,0.20878821,0.24738694,0.21672720,0.19311057,0.27499454,0.27367414,0.21483315,0.22777912,0.19307678,0.38408033,0.23206330,0.19650212,0.20202032,0.24599177,0.24161398,0.27255642,0.23125363,0.26401421,0.37560951,0.25510391,0.23570243,0.20418206,0.16213807,0.19469262,0.21508273,0.26064512,0.13525043,0.17358341,0.17812561,0.19250563,0.14087705,0.15047130
0.21000692,0.26077647,0.24153449,0.80000000,0.22900606,0.24279052,0.22605890,0.25180690,0.23420348,0.24366069,0.24496660,0.25091949,0.22034081,0.20187145,0.21467113,0.21052006,0.24665052,0.21395189,0.20091464,0.18944004,0.21778920,0.21707644,0.20042803,0.19687123,0.19173073,0.19120613,0.21613980,0.19530589,0.22676430,0.22082148,0.20897411,0.21314460,0.21684834,0.21845856,0.19392536,0.22651380,0.22936236,0.21271746,0.22508002,0.23465747,0.24534268,0.22599661,0.21304672,0.22917434,0.22809452,0.19991282,0.20624369,0.17626554,0.21514247,0.23169925,0.21190534,0.21870081,0.20141243,0.23498283,0.22084598,0.21984215,0.20397760,0.22046337,0.22203140,0.18849205,0.16691790,0.18513604,0.18071110,0.19772709,0.17394957,0.19735949,0.22588360,0.21889537,0.24029520,0.23073353,0.22649149,0.21161830,0.26420235,0.22999503,0.23393664,0.21152003,0.21595573,0.20589976,0.20570824,0.23330083,0.23110519,0.20280684,0.22934559,0.22263261,0.21843166,0.20167957,0.20893034,0.23766803,0.20611734,0.22183280,0.24113494,0.18925988,0.20254853,0.20417422,0.21491138,0.21113674,0.21539625,0.22498597,0.20633047,0.24748385,0.25787999,0.23298396,0.23295894,0.20131814,0.21842398,0.21978862,0.24048225,0.23596796,0.20330477,0.19840686,0.20232749,0.26041083,0.21050179,0.22583039,0.20015099,0.19065050,0.21816757,0.23603059,0.22830154,0.23245837,0.21141767,0.25102314,0.22551430,0.24943729,0.21571771,0.21901251,0.22640737,0.22306384,0.23548703,0.22832878,0.20536122,0.21853993,0.21281779,0.22445619,0.20286908,0.24245424,0.22259585,0.20293489,0.20731969,0.21093059,0.22133005,0.25520589,0.23973881,0.22418482,0.20711388,0.22701582,0.26641981,0.23573844,0.21391137,0.23102573,0.21899782,0.21479764,0.20547970,0.21931636,0.22194156,0.22193705,0.21348095,0.23835206,0.22788586,0.22210104,0.21650946,0.23716939,0.21737714,0.45474971,0.22174687,0.30280122,0.19017914,0.20917452,0.22769216,0.19609441,0.19385157,0.24607624,0.22899126,0.23522681,0.23694137,0.20355523,0.22650133,0.24358388,0.22008614,0.22608384,0.20372350,0.19777068,0.23177250,0.21422379,0.21348980,0.20973445,0.20208974,0.22400876,0.22882664,0.20191164,0.37552610,0.29793236,0.22528141,0.22564098,0.22382113,0.22000160,0.21954223,0.25883788,0.24849799,0.20603877,0.18689146,0.22341573,0.23861983,0.21287150,0.17015224,0.18314702,0.20734554,0.19681749,0.17405757,0.18819184
0.20887659,0.22492987,0.25613323,0.22900606,0.80000000,0.19506537,0.20868797,0.24344997,0.24615864,0.22632335,0.25350450,0.22741695,0.17196620,0.18271633,0.22070310,0.19973788,0.20710188,0.17841262,0.18012109,0.16820969,0.28437033,0.27196075,0.17749482,0.18536255,0.18075840,0.14728574,0.20257113,0.14142930,0.20487649,0.19685344,0.17007831,0.17420095,0.29342797,0.28219935,0.15992304,0.18940058,0.20490288,0.18212021,0.19003759,0.22891177,0.20449353,0.19690943,0.19345601,0.24390768,0.20773534,0.14417127,0.19572909,0.18808729,0.18560988,0.22316065,0.21876110,0.19872917,0.19333808,0.20661857,0.21100511,0.18618987,0.19282744,0.17341089,0.21501144,0.14581836,0.13111587,0.18563877,0.13801247,0.17976233,0.13152970,0.17976233,0.22040382,0.16486310,0.22195182,0.21789740,0.23841469,0.19064048,0.22212459,0.22388709,0.29674355,0.20362505,0.22868338,0.16973265,0.18719449,0.22502118,0.19933772,0.16892885,0.19590672,0.21597786,0.18770428,0.17174841,0.15999353,0.25706523,0.16244433,0.22943833,0.23028406,0.17626246,0.21993443,0.21098814,0.21472878,0.21834266,0.22020051,0.23532858,0.23223933,0.26131416,0.22831897,0.22935318,0.19632662,0.18926371,0.22444263,0.22869847,0.24015873,0.23678207,0.19903030,0.20773533,0.21367402,0.26645180,0.20155754,0.22667079,0.17489094,0.18927585,0.20182860,0.20254117,0.18654827,0.22207804,0.19080488,0.21818791,0.19502881,0.25096674,0.19080050,0.19311086,0.21039349,0.20263809,0.18318843,0.19019426,0.17351299,0.16709042,0.21227714,0.20117256,0.20102779,0.27592877,0.21205623,0.16063591,0.19264111,0.17993984,0.19270164,0.21775633,0.21492024,0.20983885,0.18857992,0.21592284,0.24856078,0.20219940,0.20276109,0.31053037,0.22958725,0.15346259,0.16699645,0.31462817,0.20692129,0.23239234,0.19150190,0.20007562,0.21121760,0.22150367,0.21639000,0.22199535,0.20456691,0.18297999,0.21519225,0.22567145,0.16003827,0.15814323,0.20732229,0.19874483,0.15538274,0.18662736,0.21300398,0.20804261,0.21174458,0.15333104,0.19686550,0.22680447,0.20683178,0.22088233,0.18831092,0.19625091,0.22028595,0.21169568,0.20439956,0.20086039,0.18705977,0.20717997,0.25264054,0.17608038,0.18467667,0.25441941,0.23861401,0.21469589,0.20943614,0.24934855,0.19526778,0.24697325,0.23594486,0.17047727,0.13826802,0.22160154,0.19134066,0.21845718,0.12477912,0.16102601,0.19133864,0.16767545,0.12064893,0.16537733
0.18314274,0.26792436,0.24992511,0.24279052,0.19506537,0.80000000,0.23829821,0.27264881,0.23877658,0.28077591,0.28487580,0.30616746,0.35716494,0.24559857,0.22629139,0.20448561,0.31573072,0.28321431,0.25568906,0.18170366,0.23880755,0.25306961,0.28570111,0.27290455,0.26425386,0.21068803,0.24445907,0.28431063,0.22838602,0.26339488,0.28270057,0.27693703,0.21793122,0.21734974,0.18610281,0.27059615,0.22413656,0.22047998,0.21688634,0.25455933,0.28440115,0.29776491,0.23850882,0.21569693,0.28081994,0.19250713,0.17142755,0.22222923,0.28257876,0.20422046,0.22156776,0.24803133,0.17562349,0.21144861,0.25457130,0.31598521,0.22380452,0.23613668,0.24659672,0.20886250,0.19678661,0.15339125,0.20392961,0.17951844,0.19179749,0.17912744,0.23676637,0.22615929,0.37131977,0.23155508,0.21851995,0.28886936,0.29440723,0.23062585,0.21977051,0.25248835,0.16395636,0.19973360,0.27608148,0.22054914,0.24387010,0.20923021,0.26598490,0.20008250,0.24877996,0.21936516,0.26330762,0.22336164,0.22418482,0.23125571,0.20231220,0.24369888,0.19895744,0.17767504,0.24459639,0.25430089,0.21857956,0.20861917,0.18839746,0.20031080,0.27072586,0.27780425,0.26252084,0.17984307,0.20993224,0.21209895,0.20922211,0.24648944,0.18506675,0.18820778,0.21363673,0.21730112,0.22657340,0.22021223,0.22212900,0.18542588,0.19818753,0.23138771,0.18574238,0.23560319,0.21204023,0.22571889,0.26091993,0.25368015,0.26388672,0.29003344,0.27698049,0.28997515,0.34138386,0.23600344,0.22966555,0.20467087,0.24750132,0.19367604,0.18246560,0.21966921,0.25354394,0.26948641,0.22546981,0.29370316,0.22650784,0.23596848,0.22846558,0.24679658,0.18567412,0.23728779,0.22741244,0.20630332,0.23034641,0.20416968,0.21686710,0.24462591,0.21826975,0.20612792,0.24660859,0.19633488,0.22676063,0.24873783,0.23018646,0.24034970,0.21988186,0.29654155,0.20119311,0.22438972,0.22518213,0.22540304,0.19939723,0.22853567,0.22244934,0.19039804,0.20518011,0.23714790,0.20359898,0.22182551,0.23336626,0.26844523,0.31991867,0.28567818,0.24184128,0.22069392,0.21565129,0.14703315,0.28151649,0.24125182,0.23111406,0.20881062,0.16647943,0.24588043,0.19803202,0.20028746,0.22704199,0.22550473,0.19816113,0.20567613,0.24464932,0.21100832,0.23709334,0.21368953,0.21768548,0.18887199,0.18201114,0.22923898,0.23690617,0.23371347,0.18863118,0.23039311,0.22675786,0.20114890,0.19016837,0.20130815
0.18665542,0.20560826,0.22802959,0.22605890,0.20868797,0.23829821,0.80000000,0.23162700,0.23868187,0.24409580,0.27036665,0.23059884,0.20438872,0.18679899,0.24005770,0.21164467,0.23179147,0.21046991,0.20297485,0.15974545,0.19984164,0.20339123,0.19809083,0.17697653,0.17852431,0.17858461,0.20059869,0.18636399,0.21149045,0.20016229,0.16537301,0.18068252,0.18261969,0.21679355,0.18872850,0.22049652,0.18594004,0.21753435,0.21467851,0.24100661,0.25444739,0.21313562,0.19391494,0.22954165,0.24589285,0.17857821,0.23054323,0.16072836,0.20235438,0.23314291,0.25026641,0.20237735,0.22102429,0.28492722,0.23454278,0.21414794,0.20005446,0.19363608,0.21598386,0.17382062,0.15123536,0.18514288,0.15664076,0.18812395,0.15197860,0.19300195,0.22663057,0.21971280,0.25487577,0.20801970,0.22878420,0.20545755,0.23078209,0.21502584,0.23273483,0.19412015,0.20087313,0.16991844,0.27900768,0.25511652,0.23544252,0.18909796,0.24791632,0.21848122,0.18872366,0.18991869,0.22217264,0.21902174,0.19706364,0.25124148,0.21743411,0.19887541,0.26649016,0.21202861,0.21607516,0.22881578,0.20515424,0.21854722,0.21521723,0.21810509,0.26973571,0.21871044,0.22031858,0.19318610,0.22186565,0.21524500,0.21145618,0.24793665,0.20049262,0.21409387,0.17101807,0.21919824,0.17785963,0.22832365,0.18988783,0.18725926,0.22580114,0.22003798,0.19021346,0.21218625,0.19019189,0.18911705,0.20485037,0.23963976,0.20080460,0.21164039,0.22650323,0.21764377,0.21058897,0.18453291,0.21250443,0.17775792,0.22248890,0.20583956,0.19207325,0.21202462,0.23890613,0.23037845,0.18853805,0.19797728,0.17724235,0.24982015,0.19515844,0.19699258,0.19593900,0.21848934,0.22870973,0.27465231,0.23285022,0.20506250,0.21932185,0.60186886,0.18579888,0.19238145,0.23158440,0.20018296,0.22354727,0.19068837,0.21203879,0.20790186,0.20322099,0.24440598,0.21623755,0.20073950,0.21641584,0.21444054,0.19540261,0.17906881,0.21425818,0.17333831,0.20415000,0.17880549,0.22321304,0.22192163,0.21656898,0.21050496,0.19221958,0.21798925,0.25914759,0.22913019,0.21064296,0.18880119,0.22919854,0.20603794,0.29459577,0.19366628,0.21684592,0.22936834,0.20786183,0.16415112,0.19623034,0.21201327,0.21789183,0.24782151,0.21428840,0.20183651,0.22459176,0.22491758,0.19791154,0.17809893,0.18418426,0.17774634,0.21768817,0.20208871,0.12240095,0.13018074,0.19370590,0.19904505,0.15964597,0.16556675
0.20887762,0.22607606,0.31686719,0.25180690,0.24344997,0.27264881,0.23162700,0.80000000,0.27970747,0.28829140,0.27320945,0.33695744,0.24288872,0.20434279,0.23546610,0.21776767,0.27467147,0.24014391,0.21591145,0.17641205,0.23922964,0.24811783,0.24209603,0.19953993,0.20058991,0.17549801,0.23465189,0.19481999,0.20077665,0.26975929,0.25426201,0.28940392,0.24096449,0.22597855,0.17295790,0.39542412,0.22294024,0.21195335,0.20385131,0.23160661,0.25307539,0.27023262,0.20907614,0.22242665,0.27051185,0.16320661,0.20045123,0.17354896,0.24516058,0.22775711,0.22759641,0.23306515,0.19949649,0.23015622,0.23803118,0.24165694,0.20565666,0.17521288,0.22782066,0.16443182,0.15837816,0.19159448,0.15813196,0.19457555,0.15843020,0.19418455,0.24248417,0.19061200,0.29198677,0.21513550,0.23468680,0.27592315,0.30624689,0.22377584,0.25194583,0.23619555,0.21375473,0.17489204,0.21125128,0.25437512,0.23999112,0.19667316,0.25475132,0.21838122,0.23391626,0.19944249,0.20918204,0.23801254,0.19101924,0.25810948,0.24115931,0.19589621,0.21613956,0.21202861,0.24091696,0.24997738,0.22309204,0.22602902,0.22751503,0.24307349,0.27422711,0.27287444,0.23936618,0.19458950,0.23776305,0.21071520,0.25515218,0.25356765,0.20144502,0.21977507,0.20343467,0.26296744,0.21059623,0.22264865,0.17879963,0.19044966,0.22083374,0.23386358,0.19808406,0.26556465,0.21185849,0.24386645,0.29873257,0.34790156,0.27675320,0.35470139,0.36010543,0.42092597,0.24931617,0.22586831,0.19646443,0.18673232,0.24280630,0.20488716,0.19207325,0.23339442,0.26480173,0.21176345,0.19728805,0.24516668,0.20548275,0.23178775,0.21605844,0.25169338,0.18757920,0.27838474,0.25071693,0.22174471,0.24057982,0.23204030,0.22936125,0.18125806,0.18101248,0.24385425,0.23674940,0.22452736,0.21583727,0.23124797,0.20771299,0.26771086,0.20476839,0.24305098,0.21113295,0.20943350,0.30027904,0.25103714,0.17080801,0.19223501,0.24995558,0.18678091,0.17543260,0.21567029,0.23216344,0.23095203,0.25083998,0.21692616,0.27484138,0.30315625,0.22517319,0.23075979,0.21337796,0.19082139,0.46814794,0.24651414,0.21781677,0.22329588,0.19163232,0.27316634,0.23866103,0.18745272,0.20546674,0.24681107,0.24481503,0.23788231,0.25369320,0.24785171,0.26474456,0.25250998,0.21907674,0.18573173,0.16110726,0.21914174,0.22670597,0.26393731,0.13763895,0.19047074,0.19513430,0.19985965,0.13993957,0.15998695
0.19576542,0.21794052,0.27376018,0.23420348,0.24615864,0.23877658,0.23868187,0.27970747,0.80000000,0.23985744,0.28229638,0.27335288,0.20494271,0.18298733,0.23553829,0.20425502,0.24460419,0.23229929,0.19134187,0.17689747,0.23967511,0.24865522,0.21441926,0.16926754,0.19140082,0.16776298,0.24392011,0.17145781,0.19768247,0.23338556,0.22643123,0.21066037,0.21447172,0.22721452,0.17084280,0.23169466,0.20563741,0.18369031,0.20223937,0.23988049,0.23261516,0.23349004,0.19623937,0.24055799,0.24541505,0.16848478,0.20564227,0.17192454,0.21264750,0.22306793,0.20566884,0.25966994,0.20918193,0.21612422,0.23308405,0.21198504,0.20741063,0.17309075,0.20977883,0.16396631,0.15358631,0.19092443,0.16397091,0.19409041,0.15868641,0.19365761,0.23927592,0.17843081,0.25078792,0.21033200,0.22715557,0.29022254,0.24393106,0.21665617,0.24649892,0.23171806,0.20580118,0.17455012,0.20669264,0.26065039,0.23394692,0.18137102,0.24093992,0.20774596,0.22626660,0.19188668,0.20417172,0.23688792,0.18532812,0.26179573,0.24526020,0.20626764,0.21836588,0.20622732,0.22476521,0.23753226,0.20347585,0.21256379,0.20664588,0.23583995,0.25061852,0.23388954,0.21875374,0.19550508,0.22421122,0.19946407,0.23500015,0.23629439,0.21068926,0.22175630,0.22077336,0.23846543,0.22464674,0.23595747,0.20263874,0.20334541,0.22953286,0.24334088,0.20210191,0.23031634,0.21043747,0.21704994,0.24716059,0.26669842,0.24158191,0.22873326,0.25496204,0.24375382,0.22803409,0.21830989,0.19940465,0.17917272,0.25290174,0.19340765,0.18857153,0.23740318,0.26075642,0.22058918,0.20270298,0.21754709,0.18850007,0.23726796,0.21783964,0.26562500,0.19444813,0.25099137,0.24382788,0.21266616,0.24797877,0.22693872,0.23870896,0.18074005,0.19359499,0.23366670,0.23383325,0.22866970,0.22290129,0.22107762,0.21127000,0.26203517,0.20268300,0.25541637,0.21956209,0.20067089,0.25085559,0.22553878,0.18817710,0.20821015,0.25119696,0.20090102,0.17687231,0.22077256,0.24222120,0.24160793,0.22638603,0.20346807,0.23120457,0.24868416,0.22981817,0.23770550,0.21526939,0.18741576,0.25111223,0.27033966,0.21495401,0.21774109,0.19566977,0.25108435,0.22132766,0.18924031,0.19800509,0.23102470,0.23539543,0.24149969,0.22967248,0.24188321,0.24966222,0.23485454,0.21859783,0.19251738,0.16607845,0.20663055,0.23894111,0.24966790,0.14067250,0.17065866,0.19748716,0.20594100,0.15398723,0.15694379
0.19059223,0.23161240,0.29937585,0.24366069,0.22632335,0.28077591,0.24409580,0.28829140,0.23985744,0.80000000,0.27100550,0.30751710,0.26406209,0.20313007,0.27828435,0.21689911,0.28610716,0.23677896,0.24806071,0.16707731,0.25317011,0.24520682,0.23934130,0.21536413,0.24635898,0.18101919,0.22025043,0.30288536,0.24810675,0.24132988,0.22696929,0.24285294,0.22915808,0.25288752,0.17949668,0.28390224,0.21885409,0.23207828,0.20953403,0.24683932,0.25673155,0.25501536,0.20496746,0.23844083,0.30439717,0.17119766,0.23726934,0.21773129,0.33760472,0.22864256,0.23770813,0.22105276,0.19891255,0.22777763,0.26291858,0.41181982,0.22572310,0.24246698,0.30578370,0.17738974,0.15866107,0.18172055,0.15866107,0.18820819,0.15946105,0.18820819,0.24900036,0.21466265,0.28065096,0.22551503,0.26043791,0.23944825,0.30352660,0.21783315,0.25298104,0.24737012,0.19400657,0.15740184,0.25300072,0.28304101,0.24226290,0.19758371,0.25376190,0.21266748,0.23231554,0.22865665,0.24055768,0.23173827,0.23663368,0.28107567,0.22488341,0.19958470,0.21084602,0.22454842,0.24718263,0.24834826,0.21708040,0.22868712,0.21529438,0.23576993,0.26418727,0.26618214,0.22883330,0.18896972,0.23419468,0.28696269,0.22943207,0.26538322,0.20610897,0.22945777,0.18984027,0.24961123,0.18956518,0.22751706,0.18456318,0.18138255,0.20908687,0.21420564,0.18360288,0.24224577,0.21196353,0.23064947,0.25060143,0.28933756,0.24367078,0.27469963,0.30467117,0.27652361,0.27547381,0.20648120,0.20708337,0.17839847,0.24214379,0.20035067,0.19448860,0.23991702,0.27645771,0.23957177,0.22024437,0.27738833,0.20580141,0.25193641,0.21054640,0.24237466,0.19091835,0.25018581,0.25434953,0.22403932,0.25354048,0.25147607,0.23874224,0.19890166,0.18650428,0.22131480,0.24052357,0.23687734,0.22151091,0.22208148,0.24962818,0.26408628,0.22937858,0.24784228,0.21517783,0.20755445,0.25145966,0.24192287,0.17265483,0.17473166,0.24311573,0.18303795,0.21864430,0.20195306,0.21457360,0.21996355,0.23835085,0.22467840,0.28410106,0.28911625,0.23405924,0.24186686,0.21222459,0.17409828,0.29131825,0.21953480,0.24262270,0.19879605,0.18727558,0.25982607,0.22254424,0.17678201,0.20010574,0.22829203,0.23607267,0.26387182,0.26308251,0.23580786,0.24543118,0.24347934,0.22712968,0.16703162,0.16508292,0.19925421,0.22083001,0.27817475,0.14351623,0.16913419,0.22041129,0.18792907,0.14807359,0.19345591
0.20588555,0.23901062,0.32568007,0.24496660,0.25350450,0.28487580,0.27036665,0.27320945,0.28229638,0.27100550,0.80000000,0.27489603,0.22285114,0.18226791,0.26499401,0.21926117,0.27399974,0.24515660,0.21642725,0.19115665,0.26419000,0.27303331,0.24085539,0.25622393,0.22111598,0.19255718,0.25935840,0.21537603,0.26382173,0.23663920,0.22185481,0.26177085,0.23995949,0.25457830,0.19606753,0.26324005,0.22063291,0.20749557,0.22415812,0.25737720,0.23634827,0.23771853,0.20232820,0.26751235,0.27412205,0.17423727,0.20976747,0.19315602,0.22300301,0.23065040,0.21921914,0.24978934,0.22698123,0.23437779,0.23616241,0.22767000,0.21998603,0.21303339,0.21624163,0.17447357,0.16727937,0.19645491,0.17869077,0.20281303,0.16924025,0.20742843,0.24083075,0.19520485,0.25351555,0.22035560,0.24522051,0.31510732,0.24759358,0.22856866,0.26889941,0.26345337,0.21432677,0.19131597,0.23339941,0.26941042,0.23689236,0.19256810,0.30836056,0.21827218,0.24274246,0.20125925,0.23227713,0.27273053,0.20678533,0.27093427,0.25371715,0.22016885,0.25254476,0.23568926,0.23996297,0.24319631,0.21594883,0.23439784,0.22087239,0.25274430,0.25441649,0.24188092,0.23156154,0.19899110,0.22036977,0.23988065,0.23950422,0.34940807,0.21874508,0.23957646,0.25007799,0.25593287,0.24815894,0.25369029,0.22394834,0.20606292,0.23463186,0.22941176,0.20316298,0.23008057,0.21154692,0.22093555,0.27574327,0.30782551,0.27352251,0.25013620,0.27097505,0.25458467,0.26067180,0.22938410,0.20629999,0.19538538,0.23516900,0.21411857,0.18821587,0.29667346,0.25305432,0.21350383,0.21351423,0.22724425,0.21685923,0.27602184,0.24176942,0.23554208,0.19958443,0.27790626,0.26355559,0.23552817,0.24585867,0.25429562,0.22780609,0.21458745,0.21022706,0.26560574,0.24415957,0.23671191,0.25129949,0.22767763,0.26579311,0.25991604,0.22918711,0.72632658,0.24804872,0.21166459,0.29726108,0.28345136,0.20167268,0.19254090,0.23785986,0.19985198,0.17716175,0.22559504,0.24511937,0.24779184,0.23873026,0.27465947,0.26790397,0.28742697,0.23359324,0.25723781,0.23346824,0.18936180,0.27697412,0.25189611,0.23448362,0.23774752,0.20546419,0.25761911,0.21675557,0.19650387,0.21309316,0.24932750,0.23994937,0.24505613,0.22717038,0.25170421,0.24368580,0.25006528,0.23567894,0.21074316,0.18268270,0.21661652,0.23703233,0.24083703,0.15273761,0.17564844,0.21455683,0.20991401,0.16301320,0.18168058
0.20664176,0.25746300,0.32238653,0.25091949,0.22741695,0.30616746,0.23059884,0.33695744,0.27335288,0.30751710,0.27489603,0.80000000,0.31417348,0.25391118,0.23370378,0.22031072,0.30449476,0.29110989,0.27526891,0.19925171,0.25256610,0.26359799,0.25410617,0.23218945,0.25010075,0.20373182,0.25310517,0.27146025,0.24860706,0.29787234,0.30182716,0.31810941,0.24068000,0.22582317,0.18979335,0.27989215,0.25779271,0.22280173,0.25117033,0.26019572,0.27824817,0.29188160,0.23064938,0.23360650,0.28837965,0.20187537,0.19051088,0.21189378,0.28097959,0.23414399,0.23833502,0.26596926,0.18957837,0.21469901,0.24935283,0.31057747,0.22229428,0.23536827,0.24855248,0.22499782,0.19038899,0.16917202,0.19728559,0.19281697,0.19169127,0.19244937,0.24048197,0.25266127,0.31014617,0.23513916,0.22212192,0.30365001,0.33450214,0.24372342,0.24304028,0.27777210,0.19134320,0.21570566,0.24179087,0.24484716,0.26390947,0.21617437,0.26623907,0.22779114,0.26418691,0.22134903,0.25783907,0.23438722,0.24389167,0.26356965,0.23130932,0.24030697,0.19901866,0.19847218,0.25121915,0.25317345,0.23041761,0.21972359,0.19822638,0.23347827,0.27561673,0.26748869,0.26048554,0.19117005,0.22962598,0.23729569,0.26377622,0.24215692,0.18756966,0.19734396,0.22736231,0.26857107,0.24238811,0.23648932,0.21087471,0.18509002,0.21681773,0.24649770,0.20856652,0.24240361,0.21740021,0.23968603,0.35131773,0.32322123,0.33492893,0.28863343,0.28532149,0.29139774,0.30328360,0.24333565,0.22898853,0.21914530,0.24095396,0.22079034,0.19287857,0.23470942,0.26064241,0.26908947,0.23509847,0.27820684,0.22824547,0.27072162,0.25098683,0.26916649,0.19014200,0.30166344,0.27142144,0.20261612,0.23481405,0.23215116,0.22248117,0.23983140,0.21939892,0.23530803,0.23966703,0.21773120,0.22661742,0.26327673,0.25342867,0.27843870,0.22415347,0.27691020,0.20716314,0.22605971,0.31184136,0.24452710,0.19935117,0.23042370,0.24794829,0.20435382,0.20646824,0.25519111,0.22453952,0.24316112,0.24064408,0.25364108,0.30252888,0.29615919,0.22277536,0.22876879,0.22115148,0.16158486,0.29297837,0.25146275,0.21765623,0.24598854,0.18283480,0.29860370,0.22292025,0.21586331,0.23167417,0.25004182,0.23705288,0.23489411,0.25728105,0.23730662,0.28944738,0.27622932,0.24238881,0.20445070,0.19048105,0.24080757,0.23621264,0.31229699,0.18157098,0.23839274,0.21959751,0.21684741,0.18267946,0.20761027
0.16347940,0.26027939,0.25320838,0.22034081,0.17196620,0.35716494,0.20438872,0.24288872,0.20494271,0.26406209,0.22285114,0.31417348,0.80000000,0.26127285,0.21838845,0.17331590,0.31947770,0.31143230,0.25117720,0.17881260,0.21901528,0.24469436,0.32450563,0.23363782,0.26007812,0.19323928,0.22806713,0.29546703,0.24076860,0.25630414,0.30261340,0.27234308,0.21234081,0.19821492,0.19533869,0.27590666,0.20936041,0.21143663,0.20396979,0.24860170,0.32857917,0.32954798,0.25144274,0.20287597,0.29187991,0.22276468,0.21549032,0.23926367,0.30139711,0.18123699,0.22015517,0.25104430,0.15019498,0.20394923,0.23624280,0.30405894,0.21603859,0.23202839,0.26716619,0.22306069,0.19811181,0.12785979,0.20580401,0.16294047,0.20137628,0.16249547,0.22450063,0.26515388,0.33823063,0.22449232,0.18605618,0.28628512,0.29002515,0.24582055,0.19894587,0.26194996,0.14271441,0.20949810,0.24007401,0.22160318,0.24373526,0.21341344,0.25797266,0.19052411,0.25001633,0.22413532,0.26750903,0.18323053,0.23678763,0.22575183,0.17118359,0.25377744,0.15806373,0.15446553,0.23487774,0.24459225,0.21178587,0.17851989,0.15220990,0.20021311,0.30810120,0.26668930,0.25865794,0.15725892,0.20359337,0.21252160,0.21467585,0.20005466,0.16315592,0.16753867,0.20589657,0.20825035,0.22889559,0.21039376,0.22428099,0.15602855,0.17976828,0.23083650,0.16602133,0.21820846,0.20448875,0.21017307,0.27062086,0.22310189,0.27922599,0.30085528,0.27876539,0.29472281,0.32965186,0.21759261,0.22573284,0.21130348,0.22135695,0.19850682,0.16251151,0.19296044,0.22111293,0.31457536,0.23408736,0.33857359,0.22387995,0.20942962,0.22548792,0.22792276,0.16445397,0.22731617,0.23064688,0.18849027,0.20088423,0.18895422,0.19794246,0.27539968,0.22627168,0.19248210,0.21500095,0.17383595,0.20085126,0.25783696,0.23351436,0.21871950,0.19851376,0.25992133,0.17716350,0.20559561,0.20458272,0.18576698,0.19166064,0.23607767,0.18704312,0.17493292,0.24959982,0.24409873,0.17535755,0.20505951,0.23653062,0.27142641,0.31840877,0.24241296,0.20347437,0.20950520,0.20183292,0.12698911,0.25985690,0.21800442,0.18725452,0.21273168,0.15215148,0.25166529,0.19236909,0.20978873,0.23031431,0.20173002,0.17549323,0.21094784,0.24648388,0.18994045,0.24070543,0.23950930,0.24394099,0.20354229,0.19599079,0.23468100,0.21010960,0.22652451,0.19968352,0.25454113,0.21659451,0.19238197,0.20359118,0.21573680
0.15594855,0.21148635,0.18152052,0.20187145,0.18271633,0.24559857,0.18679899,0.20434279,0.18298733,0.20313007,0.18226791,0.25391118,0.26127285,0.80000000,0.18917518,0.16668041,0.22917398,0.23396887,0.27387399,0.17268319,0.22172072,0.22699597,0.22616150,0.24133688,0.25175612,0.19689632,0.19979743,0.25158362,0.22629693,0.21735341,0.24477276,0.21696627,0.22148437,0.22768194,0.17357272,0.22058098,0.20331807,0.21141428,0.21334513,0.24279971,0.23968194,0.24399432,0.22597947,0.20177894,0.22976880,0.20182951,0.14558000,0.22996604,0.21473586,0.18819831,0.26680668,0.21740006,0.15472917,0.17043253,0.22263172,0.23666861,0.20729007,0.20850317,0.26082047,0.20688467,0.20077536,0.12915719,0.21077536,0.16503116,0.20353882,0.16433556,0.20095275,0.24849782,0.22022475,0.23841140,0.18963672,0.22309176,0.23695159,0.22987409,0.20339524,0.23366951,0.14710368,0.20561188,0.20867892,0.18605739,0.23241836,0.21737884,0.22321196,0.19439516,0.21039858,0.23631049,0.23836171,0.17471327,0.26316971,0.17714743,0.18745811,0.28755744,0.15723925,0.16821789,0.22847410,0.25019132,0.23779191,0.20125315,0.17743160,0.16805910,0.22032960,0.18675193,0.23566127,0.16049666,0.17502100,0.13755624,0.19414482,0.20701424,0.16904990,0.15817442,0.19769986,0.21255511,0.22111311,0.21763570,0.22397031,0.14043781,0.16735753,0.20961371,0.15974215,0.24188365,0.22933563,0.17317235,0.23430464,0.17659001,0.23602437,0.21184193,0.22155846,0.23614674,0.23251746,0.21773499,0.22574820,0.19033515,0.19876875,0.16459809,0.17881529,0.17727465,0.19889409,0.25449110,0.24610450,0.23371649,0.23972332,0.16961328,0.22459233,0.18804359,0.16866411,0.19225478,0.23087873,0.15286448,0.18521244,0.20684803,0.18083356,0.23554928,0.23439976,0.20561742,0.20106182,0.14544234,0.18998499,0.23547424,0.22142144,0.19382265,0.20936164,0.21782008,0.18321106,0.17633661,0.17120282,0.18062556,0.19451792,0.21609759,0.16112811,0.17629086,0.18346843,0.23888478,0.17141734,0.22291336,0.19811824,0.23494190,0.22093705,0.20682377,0.17539157,0.17937767,0.18387897,0.12233630,0.20776535,0.19107018,0.17686423,0.18374259,0.14017413,0.20502389,0.17379041,0.20362871,0.21674570,0.19014385,0.16262759,0.18373327,0.21086002,0.15799121,0.19743216,0.21206792,0.20960966,0.19032506,0.17970723,0.21701410,0.18533988,0.19219485,0.18846497,0.21899731,0.20804008,0.18394438,0.18314466,0.22507102
0.17795787,0.22383303,0.25953261,0.21467113,0.22070310,0.22629139,0.24005770,0.23546610,0.23553829,0.27828435,0.26499401,0.23370378,0.21838845,0.18917518,0.80000000,0.22403027,0.26469635,0.26719556,0.22031424,0.16355764,0.23765371,0.23434166,0.22678379,0.18453549,0.20271162,0.20670328,0.21717235,0.18344042,0.24028938,0.21611329,0.21735051,0.22639224,0.20985335,0.24607555,0.18925397,0.25108591,0.18745722,0.22410521,0.22952855,0.23749893,0.24018786,0.23151701,0.20686999,0.29387606,0.27465182,0.17306281,0.21345286,0.20215024,0.24418768,0.24734909,0.21550184,0.23235747,0.22710025,0.22549628,0.25718247,0.25013137,0.21523174,0.19243306,0.22208594,0.16778564,0.15733021,0.18895846,0.16378181,0.19329448,0.16307129,0.19260188,0.25738898,0.22735869,0.24383058,0.22223813,0.25839109,0.21365348,0.24890055,0.21791464,0.24087792,0.25252760,0.19760656,0.17075065,0.23519519,0.27522505,0.25732734,0.20119848,0.30593794,0.22984778,0.23495151,0.19427553,0.26607610,0.29555553,0.23930730,0.30541350,0.22555249,0.22858002,0.22894739,0.20278879,0.22715924,0.24730623,0.20229210,0.21119157,0.20827609,0.23367828,0.25399023,0.23365020,0.21701993,0.18944355,0.21737494,0.20984387,0.21366303,0.26363239,0.22019054,0.25572720,0.20129901,0.23177753,0.19301854,0.25224695,0.20913574,0.19791996,0.21520474,0.21696941,0.17588139,0.22487221,0.19442633,0.21296513,0.21584356,0.26171076,0.21523479,0.24661516,0.26419972,0.25319344,0.23301294,0.18984336,0.22299161,0.16302592,0.23280148,0.18829692,0.17856753,0.28440757,0.27127814,0.21658199,0.21928799,0.20891878,0.17594648,0.21310477,0.21794772,0.21700980,0.18918529,0.22356196,0.24311919,0.21455217,0.24878425,0.22384542,0.25112615,0.19358875,0.20465166,0.21778508,0.22712493,0.23158353,0.23111113,0.20374546,0.23094532,0.22517526,0.21553992,0.25484474,0.23627148,0.18945473,0.22398696,0.21945070,0.19100720,0.17736554,0.21735241,0.16594849,0.17718703,0.18596072,0.21345788,0.22144372,0.22450589,0.27306056,0.20816363,0.23353153,0.23714520,0.26208439,0.22441606,0.18757185,0.26531202,0.21548883,0.22748794,0.19849170,0.20405533,0.24382461,0.22176829,0.17651181,0.19575777,0.21817191,0.22265997,0.25935324,0.23678488,0.31197578,0.23642614,0.23374102,0.22516850,0.18014737,0.17803826,0.19568054,0.22646163,0.23661489,0.14053169,0.15166219,0.21613014,0.17669827,0.15310269,0.18535683
0.17759176,0.23243433,0.20955340,0.21052006,0.19973788,0.20448561,0.21164467,0.21776767,0.20425502,0.21689911,0.21926117,0.22031072,0.17331590,0.16668041,0.22403027,0.80000000,0.24752408,0.19756312,0.17742704,0.14652264,0.18650667,0.20936548,0.19463517,0.18405139,0.16029280,0.28301577,0.18481826,0.18751899,0.22000758,0.21576072,0.15676843,0.16768691,0.17244925,0.20933321,0.18148287,0.21083672,0.19020439,0.30391092,0.28111753,0.23667572,0.20288941,0.19687962,0.19257374,0.22390848,0.23469211,0.16467095,0.21161012,0.14381466,0.19750379,0.22660224,0.19471749,0.18187169,0.23698153,0.22261926,0.20590618,0.18328102,0.23023730,0.17649647,0.20239310,0.16844298,0.14684547,0.18600708,0.15351207,0.19267618,0.14450189,0.19820198,0.23840851,0.21038929,0.23268251,0.21841094,0.22326928,0.17986391,0.22593529,0.20278219,0.24389123,0.17488143,0.19072892,0.16960412,0.29696935,0.24771748,0.27956040,0.27108854,0.20389980,0.32847160,0.18063476,0.18118150,0.18591712,0.21082687,0.19610392,0.21200534,0.21347919,0.16130502,0.19729365,0.19516932,0.19572021,0.19845217,0.19609537,0.21616152,0.21086383,0.21512546,0.22602302,0.22370182,0.21966202,0.19740759,0.22027230,0.20226014,0.22166444,0.23877979,0.23932319,0.20714158,0.17604898,0.23731947,0.17485591,0.24649838,0.20456171,0.19652953,0.21630269,0.19103338,0.18818148,0.21976484,0.18538142,0.19663586,0.17960096,0.22443811,0.17740333,0.19972964,0.20794809,0.20110963,0.22054020,0.18037408,0.18630453,0.15782991,0.19098176,0.19004570,0.17220905,0.21231347,0.23255233,0.17757034,0.19043934,0.16941123,0.16734301,0.22335576,0.19975570,0.17952431,0.18560658,0.19719413,0.23107067,0.22028982,0.21020583,0.22474834,0.20653211,0.17712343,0.19884239,0.20057952,0.20680167,0.19386381,0.20231615,0.20440009,0.22836206,0.21268641,0.20869606,0.18903238,0.24162955,0.18533806,0.20313182,0.21954254,0.18395352,0.14970756,0.22035311,0.15815921,0.17226693,0.15549881,0.19222085,0.19134376,0.19634111,0.16480434,0.19673146,0.24139115,0.21096897,0.21985704,0.20395553,0.19038982,0.21258808,0.18769450,0.32310514,0.18799292,0.21134707,0.19801778,0.21372832,0.16958807,0.17497850,0.23657221,0.22409419,0.23369469,0.19409769,0.20324147,0.20745227,0.23405707,0.19822158,0.16942414,0.16684864,0.19910516,0.21636045,0.20657896,0.12656005,0.13821652,0.19156220,0.17548937,0.15139100,0.15969297
0.18416103,0.24964189,0.32380552,0.24665052,0.20710188,0.31573072,0.23179147,0.27467147,0.24460419,0.28610716,0.27399974,0.30449476,0.31947770,0.22917398,0.26469635,0.24752408,0.80000000,0.26004299,0.23404300,0.17614240,0.25866125,0.26030881,0.27551339,0.22593553,0.24257736,0.19078218,0.24222872,0.31470693,0.23215724,0.23600990,0.24915911,0.27625451,0.22056339,0.24783969,0.18535822,0.26949747,0.20430464,0.23113037,0.22661631,0.28514588,0.30010471,0.26487698,0.23039639,0.25642146,0.28080867,0.19769612,0.21811409,0.22494805,0.29294760,0.23076158,0.22581614,0.25659678,0.21535532,0.21262319,0.25572460,0.30175183,0.24204485,0.25208336,0.28003185,0.20415216,0.21225940,0.19858376,0.21102860,0.23000180,0.22809442,0.21833080,0.25885975,0.25320002,0.29242495,0.24561905,0.24549337,0.29691518,0.35273584,0.23525806,0.23668906,0.24563139,0.18609749,0.19624939,0.26278594,0.28870548,0.27435727,0.21149653,0.27838747,0.22064004,0.26197431,0.22801902,0.29015479,0.23533466,0.24868699,0.28622971,0.23184179,0.28671383,0.21695024,0.19667399,0.27067984,0.26057528,0.23987234,0.20650928,0.20559096,0.21028848,0.29782213,0.25149960,0.23516242,0.18725117,0.22064183,0.22709292,0.23854738,0.27324924,0.21278454,0.20893960,0.22514806,0.21426039,0.23876261,0.24842377,0.23461601,0.18149660,0.21744667,0.23966419,0.18418937,0.22690950,0.23886516,0.22441885,0.29180518,0.28807410,0.30472840,0.28677521,0.30334890,0.29814720,0.74535350,0.23983553,0.23835364,0.18896869,0.25606603,0.18542327,0.18832859,0.22321885,0.25290034,0.25032601,0.23729721,0.25687256,0.20615273,0.25812221,0.22711507,0.25477351,0.19433822,0.28492005,0.24295456,0.19952901,0.24281935,0.23770767,0.23701020,0.22132568,0.22511991,0.21693110,0.22780491,0.21115376,0.23877371,0.23742366,0.23431143,0.24601761,0.22287383,0.27566144,0.22848540,0.22534124,0.26327783,0.21822766,0.21589133,0.21843695,0.21749777,0.19369373,0.21537651,0.23779672,0.20663982,0.23053869,0.23489056,0.26398771,0.35420487,0.37778793,0.22363843,0.24383102,0.24739157,0.16385439,0.28584541,0.29029032,0.23773587,0.22809499,0.18938419,0.30187465,0.20809024,0.20428586,0.21379551,0.23011890,0.20612538,0.26942101,0.24030062,0.24145157,0.29425891,0.25385080,0.21807052,0.20694820,0.18662390,0.22732076,0.24110441,0.26171429,0.16710631,0.19925383,0.22270474,0.20129507,0.18745966,0.20080285
