0.80000000,0.26132445,0.21105660,0.21090617,0.23541188,0.20592346,0.23277980,0.23320300,0.19804371,0.23271543,0.19309460,0.22378163,0.19413317,0.17466255,0.19013257,0.20877205,0.24550632,0.18679962,0.21607349,0.19692770,0.22369403,0.22260642,0.18250981,0.19952771,0.17630218,0.19348330,0.19419838,0.21400602,0.19879386,0.21064441,0.21381562,0.21042102,0.21985386,0.22209544,0.22425305,0.21353805,0.23982276,0.20092326,0.21665966,0.18274557,0.20041510,0.20252425,0.20519721,0.20703228,0.20051906,0.19956666,0.17424569,0.21499659,0.21273704,0.21912654,0.20490354,0.22590587,0.22008153,0.22180585,0.21763487,0.16816828,0.17861833,0.21992587,0.19216758,0.23079199,0.18749452,0.21640894,0.23443218,0.21814748,0.16950049,0.20413316,0.18783670,0.22696140,0.18928113,0.17371062,0.20766118,0.23612806,0.23184946,0.21564546,0.19235309,0.23288244,0.21291993,0.16816828,0.19191348,0.20681022,0.22469919,0.20510940,0.18881187,0.21502747,0.20117157,0.23515546,0.20224495,0.18591353,0.18848977,0.22109991,0.19200487,0.18898361,0.20927431,0.19216541,0.19007339,0.20036956,0.21000015,0.19825130,0.18787825,0.16906889,0.19266568,0.20311542,0.19951933,0.18607457,0.21509300,0.21153216,0.22026985,0.21333298,0.18200114,0.20951566,0.20989650,0.21989493,0.22460899,0.19808927,0.19220225,0.20180263,0.18567270,0.20808724,0.20393975,0.20453546,0.21338444,0.19022210,0.20628909,0.20518612,0.22262813,0.20734046,0.20757198,0.21935887,0.21644617,0.22519852,0.20399715,0.22644947,0.24539073,0.21517805,0.21306051,0.18468558,0.21564250,0.20027637,0.20836059,0.19765982,0.21897035,0.22129634,0.20629658,0.21639001,0.19562400,0.16659291,0.23271958,0.19539158,0.18846092,0.19058477,0.20837748,0.17578255,0.21764450,0.20824011,0.21379771,0.19493869,0.22206955,0.23863357,0.22744196,0.21314365,0.22380053,0.21090549,0.18346132,0.18075209,0.20372645,0.19445852,0.21823290,0.21970656,0.20614654,0.21385499,0.21385499,0.21304121,0.20041124,0.20981972,0.20950357,0.22210052,0.21962770,0.21315024,0.18593534,0.21691954,0.24216588,0.17846354,0.22140947,0.20406278,0.21152340,0.19826593,0.20605124,0.19976130,0.19365049,0.19377936,0.15826868,0.19925491,0.21288162,0.23776665,0.19430029,0.17907923,0.20368496,0.18763178,0.22159889,0.21377870,0.21167645,0.23017002,0.21901736,0.21001880,0.21486771,0.20774050,0.18986537,0.20623711,0.21495055,0.21363077,0.22258344,0.21402844,0.20161738,0.18061843,0.20093221,0.18635325,0.18741762,0.19327099,0.20212823,0.18892728,0.20559954,0.20742342,0.16103815
0.26132445,0.80000000,0.20795861,0.21150884,0.29669668,0.23242603,0.21785489,0.22573696,0.23610285,0.22499757,0.22500593,0.22755989,0.21945527,0.20117946,0.21368993,0.25719006,0.28506826,0.22063278,0.24158329,0.21800483,0.22739400,0.23863932,0.18290484,0.20238558,0.18482451,0.22624897,0.19133529,0.20094530,0.19919771,0.20984972,0.20630975,0.17916237,0.22578323,0.23306052,0.22392633,0.23418953,0.20020065,0.21434996,0.24003717,0.20185699,0.18817296,0.21041703,0.22065189,0.20306392,0.21486990,0.21172770,0.15839117,0.24518509,0.23458926,0.22822071,0.23598180,0.22028698,0.21751155,0.22748941,0.23389999,0.19654375,0.20957552,0.20617246,0.22849269,0.21508295,0.20362825,0.20998014,0.22956831,0.21973702,0.20349186,0.21229192,0.20185343,0.22133365,0.17959159,0.26043390,0.20967637,0.24303379,0.23583510,0.22079160,0.22388638,0.22586595,0.19762645,0.19095033,0.21798482,0.21214266,0.22603235,0.24726200,0.22170670,0.20322926,0.23801591,0.21419058,0.22009777,0.20896547,0.21866589,0.24514053,0.23863752,0.22064588,0.22761923,0.21693428,0.20509184,0.22121902,0.20796752,0.24431409,0.20314288,0.18866107,0.21964749,0.23065081,0.21165366,0.24068883,0.20370347,0.23806002,0.22850008,0.22649316,0.19938723,0.20253124,0.26825911,0.27889891,0.24853712,0.21242957,0.22417939,0.20548695,0.18605955,0.21273198,0.23529156,0.20246714,0.22530404,0.21151371,0.19174513,0.20691473,0.22460198,0.20486091,0.21955536,0.23017847,0.22929620,0.24289208,0.20461185,0.22990481,0.22725696,0.26636462,0.21808410,0.22068706,0.25092187,0.20415815,0.19698214,0.21949559,0.22993926,0.20941108,0.22441370,0.20835493,0.21484209,0.16721743,0.25999820,0.21754117,0.21204519,0.19587256,0.21017978,0.20225285,0.21929595,0.22832884,0.23754118,0.22383075,0.21381479,0.23207883,0.23524123,0.26197668,0.29263917,0.25429574,0.19751758,0.18888502,0.20743300,0.22071808,0.24245890,0.23340296,0.23114879,0.23442565,0.24304265,0.23135171,0.22249934,0.20608530,0.23513383,0.22857150,0.25305851,0.23555340,0.21229217,0.22944304,0.23559598,0.19319354,0.23144838,0.21652362,0.22196759,0.21351754,0.20865142,0.19131262,0.21846246,0.25194601,0.16319684,0.19545546,0.22744830,0.20633182,0.20672631,0.20277965,0.23385458,0.20861182,0.21029446,0.21194669,0.23330087,0.22490128,0.25258065,0.23048863,0.23298463,0.21379535,0.18554694,0.22647437,0.21303469,0.18830124,0.24798742,0.19943913,0.21186044,0.17994242,0.19107450,0.20103781,0.17819053,0.17765384,0.20215352,0.21143690,0.19517964,0.21113485,0.16175758
0.21105660,0.20795861,0.80000000,0.21462432,0.20207599,0.31075728,0.21029536,0.21099925,0.16750975,0.19276303,0.32052861,0.19483693,0.16799157,0.19083779,0.16680132,0.17895277,0.17970623,0.16345954,0.18803438,0.18028202,0.16783975,0.19359300,0.17231175,0.14881264,0.15851762,0.19253496,0.20481774,0.22248980,0.19476864,0.25579670,0.19314599,0.20559778,0.18988013,0.20674427,0.19795383,0.19896473,0.18058616,0.17924067,0.20603094,0.29861473,0.23293984,0.20101322,0.21444212,0.20476700,0.19912241,0.19955381,0.20534372,0.19464704,0.17998335,0.20578576,0.16565311,0.21541206,0.21397370,0.21218027,0.20241314,0.17876975,0.14645946,0.20909402,0.14963431,0.20397796,0.15432272,0.22571090,0.22057942,0.21783874,0.15872542,0.15770696,0.14346989,0.19698912,0.20217002,0.15472815,0.21840167,0.19966187,0.21322986,0.22674132,0.18111675,0.18589226,0.18618999,0.15171915,0.14781590,0.19852905,0.21153060,0.18769771,0.17966777,0.20812201,0.16191637,0.23361898,0.16310062,0.17623666,0.15524685,0.18804086,0.17140701,0.32393832,0.21507841,0.16413272,0.18521304,0.19094657,0.19073761,0.17695217,0.17714479,0.18013871,0.15393844,0.14685939,0.17961567,0.17360039,0.21113616,0.19148006,0.21819915,0.20861523,0.21386233,0.20560432,0.23724685,0.20553305,0.20583853,0.20021659,0.16823303,0.16639100,0.18457172,0.16896866,0.17374865,0.22914475,0.22809167,0.16153262,0.19301906,0.20293212,0.22157876,0.18454139,0.17249373,0.19102167,0.17991378,0.18852478,0.32486162,0.19774274,0.21481242,0.18756964,0.17880519,0.14402827,0.19773626,0.15841411,0.21849691,0.18565983,0.19234571,0.21275247,0.16309792,0.19598633,0.17309821,0.14579809,0.18422032,0.16666302,0.22187088,0.18816930,0.25910889,0.16761817,0.21826782,0.21730431,0.21118303,0.17787384,0.20643276,0.22576517,0.21456597,0.19647850,0.19700418,0.19688672,0.15179276,0.19515046,0.21715671,0.20186073,0.22939130,0.18053446,0.19390773,0.16988191,0.20690631,0.18519908,0.17598133,0.22581486,0.19197695,0.23698166,0.21669072,0.17950871,0.17387242,0.19762193,0.20014390,0.15194692,0.21734734,0.17083850,0.29669121,0.29832491,0.19972143,0.19757300,0.17714595,0.18222098,0.25359242,0.18276161,0.18881189,0.14280180,0.19417597,0.16109048,0.18792740,0.15800437,0.17320302,0.20360062,0.17652547,0.20610662,0.20781798,0.22363811,0.23508339,0.19239131,0.18476179,0.18638696,0.20554687,0.19363506,0.22020931,0.20102919,0.17452152,0.20536901,0.20779576,0.17517762,0.21093327,0.25708693,0.24860191,0.18958582,0.20598905,0.20926015,0.17436605
0.21090617,0.21150884,0.21462432,0.80000000,0.20197213,0.24202617,0.20979578,0.20787571,0.20211846,0.19062924,0.22299542,0.19126783,0.20860645,0.22058498,0.19560474,0.20158187,0.20642830,0.18677809,0.20237629,0.20484960,0.20864495,0.20778866,0.17494854,0.18323423,0.18631790,0.22773181,0.16050497,0.21788646,0.18981599,0.19898024,0.19692591,0.16489035,0.19986738,0.20817694,0.18801982,0.20401274,0.18890144,0.21112333,0.19990438,0.20952838,0.17859611,0.19367037,0.20660901,0.20492446,0.21646034,0.19913334,0.19275236,0.20555588,0.21039535,0.21460795,0.20485203,0.17527703,0.19064717,0.18160043,0.23997950,0.21080297,0.18798075,0.18859066,0.18968576,0.18849527,0.19464740,0.19499811,0.19192107,0.20755648,0.20891829,0.20327235,0.19880533,0.21703929,0.16778738,0.19301376,0.18029503,0.20333590,0.21177986,0.19366963,0.21392405,0.21068754,0.16450859,0.21080297,0.20373604,0.18771895,0.20173975,0.19572659,0.20664032,0.18179608,0.21029866,0.18990841,0.22434225,0.20486817,0.20317291,0.20786692,0.20736857,0.23044768,0.20582856,0.20482668,0.17470878,0.21144638,0.20270959,0.20373458,0.20478594,0.20137856,0.19738969,0.17089974,0.18552772,0.20724234,0.17763579,0.21857022,0.19309155,0.21879972,0.19946853,0.17150978,0.20019803,0.17074871,0.18787185,0.22366614,0.20050800,0.20213933,0.22730357,0.20538593,0.20520892,0.16396624,0.18098505,0.20115388,0.17851978,0.18720628,0.18816250,0.19699425,0.20076813,0.20381613,0.23078149,0.19962429,0.20706653,0.20782301,0.17707421,0.19121481,0.21010802,0.19480145,0.22686652,0.21117429,0.17884347,0.21276890,0.19946737,0.18810093,0.20102034,0.19181838,0.19833773,0.17212786,0.20255272,0.19868991,0.20496064,0.18651681,0.20282726,0.18124276,0.18685010,0.19956829,0.20995600,0.20247106,0.19661122,0.19829038,0.21848811,0.20090251,0.20463077,0.17667603,0.20195428,0.19319260,0.19244067,0.19688077,0.19193675,0.21594085,0.21083046,0.21466373,0.21466373,0.21557255,0.20644834,0.18559052,0.21710860,0.18137992,0.20048151,0.21332860,0.21273848,0.21289686,0.20055057,0.19895138,0.19599472,0.21466072,0.23381410,0.20890713,0.19052221,0.17567000,0.20316473,0.21791316,0.18031843,0.20408373,0.20311627,0.20764336,0.18627493,0.20097151,0.21071886,0.19814440,0.19882567,0.16361071,0.19863971,0.20114365,0.19584258,0.20289264,0.18231032,0.22556380,0.16135586,0.20141998,0.20001924,0.15305779,0.17815360,0.18234361,0.18842349,0.15202138,0.16028702,0.17154198,0.16542498,0.16428372,0.18726797,0.16425548,0.18689021,0.18778029,0.13962734
0.23541188,0.29669668,0.20207599,0.20197213,0.80000000,0.26226674,0.22750211,0.26232934,0.23675634,0.23820954,0.22410455,0.22837049,0.21761299,0.20349157,0.21523500,0.25405619,0.25543084,0.23319527,0.25575156,0.23155060,0.22834354,0.24040191,0.19646521,0.21860036,0.19009101,0.23984161,0.17868641,0.17785122,0.22186686,0.23861755,0.22231466,0.19367582,0.24722984,0.24427852,0.24332134,0.21575016,0.21984421,0.22245582,0.27063100,0.20347671,0.20189341,0.22917662,0.23715338,0.22166818,0.22420136,0.21295856,0.16783548,0.26354214,0.23056252,0.23226751,0.25978252,0.24315399,0.22972930,0.24371719,0.25554320,0.20922301,0.22654240,0.21811097,0.25255338,0.22684705,0.20674193,0.22566828,0.23319648,0.22493116,0.21000554,0.23255626,0.28983830,0.24140198,0.17962222,0.23658456,0.21558239,0.23919231,0.23976972,0.23331788,0.23965213,0.22959974,0.20311281,0.19338161,0.21882508,0.23355859,0.20992265,0.27555583,0.23330644,0.21177603,0.24793962,0.21370399,0.21875588,0.21476265,0.23361040,0.23655490,0.23601349,0.20830193,0.24249979,0.23171133,0.20911348,0.24117825,0.22982793,0.24191499,0.20431706,0.18420832,0.22045545,0.21378878,0.20405838,0.20004187,0.22241744,0.22765462,0.22406613,0.22193895,0.18799195,0.20880305,0.20594701,0.61665381,0.24744748,0.22192979,0.23093058,0.21481180,0.19952468,0.24424707,0.24459298,0.15601554,0.22790713,0.22377008,0.19251949,0.21927773,0.19996281,0.19829286,0.22280863,0.23471487,0.22022429,0.21926887,0.19520402,0.23663783,0.25274375,0.31942395,0.24398359,0.24497310,0.20444466,0.21387922,0.20083716,0.26409969,0.22428719,0.19517786,0.21862259,0.18938545,0.22436138,0.17048268,0.22552258,0.22383437,0.22801638,0.18874509,0.21737192,0.20952794,0.22671787,0.21097593,0.22120236,0.24579972,0.22539401,0.22584664,0.22567672,0.30656952,0.56615758,0.30399779,0.20503010,0.18138507,0.19911036,0.19077916,0.18980290,0.22258912,0.25648823,0.24252833,0.25801533,0.27507107,0.23716999,0.21288836,0.24033716,0.25414976,0.27910944,0.24916867,0.23643886,0.25086604,0.25697541,0.19947030,0.26144947,0.23705257,0.21283740,0.23401920,0.21476094,0.19090165,0.24815403,0.20892872,0.16641977,0.20667978,0.22473950,0.22448196,0.20457693,0.19961164,0.24155688,0.22097818,0.22588778,0.18904005,0.23156088,0.22352244,0.28266836,0.23097789,0.22772793,0.17947363,0.19958669,0.22087529,0.20754820,0.18838469,0.28184733,0.20318119,0.22098208,0.19915157,0.17600052,0.18499952,0.19002100,0.15339346,0.21050389,0.22721590,0.20040747,0.22327733,0.16589452
0.20592346,0.23242603,0.31075728,0.24202617,0.26226674,0.80000000,0.21905030,0.23070743,0.21882534,0.19375318,0.32434390,0.19306634,0.21235186,0.23574907,0.20981748,0.22377907,0.22100194,0.21853107,0.21321764,0.22769573,0.20852775,0.20524871,0.17608642,0.18925900,0.19755114,0.23392469,0.16817981,0.21511211,0.20035789,0.26603548,0.19656040,0.17451342,0.21277084,0.20244494,0.21056229,0.22823645,0.18123864,0.20868059,0.22545645,0.27036972,0.18768842,0.21590200,0.22253586,0.20196034,0.22090744,0.21885884,0.19427703,0.21608852,0.20950623,0.23595902,0.20420712,0.18454493,0.20232722,0.17793430,0.23485985,0.21328864,0.21510285,0.18067539,0.19318834,0.18843386,0.19998836,0.21060613,0.19932982,0.21978806,0.20632002,0.20702426,0.18651092,0.21895990,0.16987003,0.23501543,0.19864724,0.22744086,0.20178071,0.21554847,0.23439514,0.20806361,0.16685711,0.20369264,0.20751436,0.20614312,0.20785659,0.22273910,0.23037745,0.17434538,0.22022654,0.19317198,0.21942663,0.21157149,0.20906422,0.22732189,0.21899009,0.29947026,0.23032287,0.20227726,0.20864379,0.21201639,0.22218520,0.21930608,0.21332469,0.21276607,0.22647976,0.16423490,0.20850615,0.20490466,0.17402265,0.23159130,0.19819518,0.23175000,0.22056346,0.16110739,0.23237286,0.23833498,0.18583112,0.18612029,0.20785501,0.20357571,0.21243403,0.21558195,0.21594025,0.17128280,0.20989820,0.27670752,0.17191119,0.17399212,0.20712532,0.19605681,0.20884957,0.21114714,0.22215925,0.20839213,0.28379140,0.20951380,0.17466515,0.20680990,0.23147695,0.19173406,0.22506541,0.19556031,0.18823558,0.21861003,0.21077503,0.19672970,0.19848292,0.18826579,0.21240911,0.16034088,0.20666570,0.20804579,0.24673060,0.20027567,0.24562823,0.20527089,0.20036950,0.22776660,0.23381197,0.20767527,0.21304024,0.20521570,0.22799450,0.24052825,0.27228118,0.19503985,0.19992917,0.19982494,0.20847978,0.22291056,0.22341273,0.22343632,0.22509062,0.21161297,0.25021757,0.20975205,0.22062930,0.19421587,0.22669430,0.21516267,0.22452107,0.21072471,0.21179180,0.21670776,0.19958435,0.20372392,0.21384889,0.20631718,0.36520893,0.25846202,0.20359412,0.16073184,0.23782150,0.20469647,0.21901844,0.19182443,0.20904903,0.19929054,0.21466909,0.20871896,0.22919935,0.20780372,0.20196339,0.17012329,0.21646854,0.21084008,0.22013087,0.23848562,0.21142952,0.21779823,0.17664340,0.21107383,0.20148837,0.14495887,0.18506182,0.17431299,0.19112943,0.17064100,0.17239652,0.18422273,0.17460674,0.20934045,0.19708138,0.21281563,0.19579504,0.19971549,0.15066664
0.23277980,0.21785489,0.21029536,0.20979578,0.22750211,0.21905030,0.80000000,0.32425396,0.23360082,0.22767610,0.20754025,0.26792436,0.20560826,0.24837011,0.21794052,0.23090189,0.21586829,0.19944419,0.24350530,0.23901062,0.23501089,0.25746300,0.19410704,0.23905293,0.22856982,0.25094743,0.18645923,0.20596258,0.23669548,0.26475272,0.25431754,0.20800444,0.23263645,0.25163266,0.22823916,0.21493501,0.23312941,0.23978734,0.23772964,0.22707396,0.21241390,0.24903105,0.23745042,0.26927635,0.21017973,0.22063653,0.22596882,0.22888650,0.27300069,0.27572645,0.23346078,0.23511938,0.23666769,0.23387607,0.26239171,0.19633572,0.21261027,0.23180568,0.20686771,0.22847455,0.21022029,0.24027113,0.21574773,0.24093643,0.21454499,0.22415129,0.21334790,0.29453224,0.18427866,0.20177576,0.23057464,0.27253340,0.24661721,0.23988090,0.20762475,0.23890658,0.20643613,0.19089892,0.22102481,0.23710065,0.22072778,0.21658271,0.20598310,0.21917514,0.21878998,0.22467264,0.22505307,0.20258160,0.22805509,0.21748020,0.19767836,0.20483164,0.22115251,0.22981124,0.19048162,0.21169231,0.27867719,0.21483770,0.21552624,0.21715571,0.24713784,0.19201660,0.24913468,0.21526449,0.21831098,0.22371167,0.25192401,0.23112315,0.21765822,0.21112410,0.24154667,0.21997785,0.22532625,0.22991365,0.20896229,0.22160616,0.22662170,0.25880775,0.21845752,0.16479203,0.23763820,0.20679103,0.22184325,0.22173960,0.25204780,0.22211959,0.23503455,0.25273933,0.21910612,0.21184595,0.20535516,0.25980232,0.24217434,0.22851352,0.23003713,0.19933818,0.22469906,0.21393410,0.22981265,0.22387382,0.24388117,0.20992990,0.22726653,0.23353071,0.22511036,0.19871855,0.20993590,0.24048734,0.23723222,0.22107212,0.24755368,0.20036249,0.25363234,0.22779420,0.22614234,0.20770146,0.29825589,0.21478390,0.22069177,0.22378925,0.21671090,0.21532913,0.21652155,0.19757575,0.21597947,0.17974411,0.18299659,0.23254388,0.22149589,0.24034733,0.23566953,0.24662917,0.23198307,0.21661091,0.24378260,0.23545751,0.22581744,0.22596692,0.21302544,0.24621897,0.23735552,0.21287636,0.22742920,0.24316455,0.22288607,0.23303208,0.23062382,0.19720754,0.21445077,0.22636541,0.20346304,0.23050862,0.22171634,0.23884546,0.20509617,0.19455924,0.22843236,0.19765862,0.24666694,0.19554253,0.23701973,0.24280798,0.22389757,0.22109558,0.21049889,0.20592047,0.19398603,0.21715884,0.19734572,0.19508744,0.21501796,0.23033475,0.23616214,0.21402215,0.18275211,0.18550309,0.26666091,0.16836864,0.20558347,0.19221200,0.23576644,0.21155428,0.19929126
0.23320300,0.22573696,0.21099925,0.20787571,0.26232934,0.23070743,0.32425396,0.80000000,0.23844778,0.22730462,0.21803117,0.25036598,0.24466068,0.27476610,0.22927401,0.23711023,0.26339386,0.21071507,0.24518919,0.26241780,0.23803293,0.29055075,0.18871145,0.23001265,0.24314713,0.22942382,0.20978526,0.20643101,0.23094997,0.26100099,0.25099032,0.21935973,0.23453322,0.25574665,0.25906693,0.21832618,0.21800641,0.24334336,0.24124894,0.22831439,0.19999949,0.26735623,0.24021207,0.25691702,0.21271243,0.23285123,0.20559007,0.25620949,0.26373540,0.32087566,0.24063186,0.22422370,0.25286285,0.23790849,0.30431147,0.20574324,0.23515160,0.23705935,0.22032365,0.25194681,0.21027362,0.24022433,0.22028703,0.24038452,0.22031264,0.25447072,0.19688676,0.31164356,0.18527925,0.22855212,0.23878337,0.27304537,0.24645568,0.25322189,0.21094350,0.23924149,0.20504082,0.20092404,0.22125664,0.24168799,0.22171912,0.25039033,0.20696483,0.21446083,0.23473471,0.22272370,0.23553133,0.21292961,0.25455003,0.24620080,0.23056582,0.22193308,0.24484068,0.22492328,0.21588706,0.22001172,0.31417471,0.23411717,0.21590202,0.22283173,0.25630256,0.19986143,0.26284644,0.23504301,0.21463414,0.24442344,0.25965598,0.25013509,0.22042678,0.19819030,0.24976882,0.24383105,0.22258067,0.21799337,0.22006476,0.24093902,0.21870770,0.31526112,0.22383870,0.17006567,0.26090274,0.22055142,0.21872224,0.22750328,0.26033926,0.23419168,0.24144718,0.26028890,0.22881250,0.22087634,0.20572337,0.26133014,0.24232798,0.23238119,0.23166867,0.20546906,0.23294507,0.21986821,0.23207981,0.22750344,0.25391508,0.23098022,0.23360719,0.23600018,0.23620947,0.21255126,0.20615322,0.23703882,0.24550228,0.22360105,0.25404577,0.21347166,0.25358411,0.23028289,0.23013181,0.21417488,0.32722019,0.25020290,0.22188717,0.25265181,0.23756475,0.22386946,0.22454025,0.20587144,0.22323047,0.19479796,0.19466280,0.22842094,0.21817917,0.28996915,0.23601835,0.25386349,0.23742666,0.22383376,0.26302890,0.22761796,0.24228822,0.22984488,0.23349867,0.27823338,0.23839088,0.22095221,0.23610828,0.24869097,0.23682324,0.23897039,0.23957794,0.19920025,0.22391242,0.24136030,0.20963624,0.23860423,0.22856444,0.24874453,0.20735472,0.20070015,0.23628714,0.20028467,0.26106074,0.20196954,0.24631256,0.25331225,0.29504120,0.27399824,0.25722937,0.20501455,0.19437878,0.22544908,0.20054025,0.18817710,0.21733543,0.23743747,0.24240878,0.22745285,0.18167516,0.19021567,0.22857181,0.17182778,0.23657379,0.21917030,0.25128601,0.21275849,0.18708818
0.19804371,0.23610285,0.16750975,0.20211846,0.23675634,0.21882534,0.23360082,0.23844778,0.80000000,0.21401174,0.21615450,0.24992511,0.22802959,0.21407549,0.27376018,0.25204117,0.24568879,0.24193709,0.39796035,0.32568007,0.24896729,0.32238653,0.17562524,0.26805321,0.22187068,0.24157361,0.17130803,0.18899787,0.27054118,0.21853737,0.25405353,0.16096496,0.23910614,0.24690752,0.25615468,0.24308108,0.23318234,0.23436804,0.22794610,0.18959874,0.17170461,0.31951382,0.21028978,0.20191232,0.20371628,0.22081288,0.18474442,0.23580832,0.33248186,0.24160749,0.27618264,0.22215561,0.34466572,0.22788351,0.24448675,0.21221975,0.36357335,0.21539099,0.25017371,0.19305845,0.24623700,0.24727358,0.20562477,0.26020762,0.20983157,0.24090762,0.21486956,0.25291594,0.15619661,0.25258238,0.39092917,0.29071976,0.22871641,0.22439489,0.24918499,0.24044444,0.20038219,0.21745003,0.31553299,0.23349160,0.20749997,0.26500127,0.24061055,0.21001285,0.24892248,0.20430003,0.27585271,0.21698142,0.25992849,0.24661384,0.24115536,0.20077289,0.22958369,0.23749309,0.20435456,0.24417192,0.22004754,0.28966426,0.21948164,0.18818941,0.24261986,0.19157462,0.27716104,0.23069189,0.20592722,0.23273221,0.19120707,0.26633212,0.18937084,0.16992839,0.23787401,0.19824574,0.18945725,0.19312625,0.23951155,0.32778149,0.20047442,0.28493916,0.24387384,0.12806585,0.33626208,0.23128809,0.20850735,0.20930068,0.22495671,0.24129912,0.26262483,0.25163494,0.25060755,0.24600711,0.15871633,0.26942586,0.18119104,0.21928587,0.26254583,0.23074362,0.21306387,0.22658334,0.20917533,0.26043103,0.26200548,0.16760556,0.24912035,0.23008332,0.29002871,0.22113309,0.20568505,0.25027751,0.21767480,0.18522489,0.19476429,0.25084784,0.23548469,0.23665295,0.21738713,0.22921141,0.20969183,0.19534648,0.23585265,0.23569306,0.22066571,0.19282741,0.23246282,0.17966959,0.19365734,0.17340950,0.17369488,0.24616212,0.24460133,0.34582517,0.24980997,0.21875441,0.27430950,0.20511707,0.24014743,0.20023527,0.27974090,0.27117008,0.21279741,0.27499454,0.24268926,0.22264193,0.24982794,0.25884898,0.19504763,0.23441712,0.22182452,0.15791252,0.26282099,0.23534974,0.15391703,0.24620863,0.38408033,0.23206330,0.19944515,0.22884259,0.24720851,0.21649951,0.27999428,0.19724661,0.28232650,0.29629238,0.26698228,0.22773705,0.20393712,0.19083431,0.17556779,0.37560951,0.22624764,0.15140460,0.18115285,0.19731669,0.23584052,0.16152962,0.14506325,0.19543558,0.20694786,0.12125940,0.19119298,0.21553011,0.24735300,0.19660693,0.16657460
0.23271543,0.22499757,0.19276303,0.19062924,0.23820954,0.19375318,0.22767610,0.22730462,0.21401174,0.80000000,0.17847476,0.24678458,0.21159062,0.18060138,0.21934500,0.21598427,0.21508291,0.22097988,0.25859034,0.22961353,0.22335040,0.26135186,0.18918465,0.22012468,0.19228958,0.21746650,0.19581671,0.18413306,0.23165252,0.20763726,0.24374433,0.23096281,0.22795045,0.25219102,0.23782410,0.23228603,0.24543509,0.23021492,0.24800471,0.18747228,0.20932234,0.22632112,0.22034475,0.21102479,0.21049946,0.21223106,0.19632524,0.23107503,0.23624979,0.21195826,0.24057400,0.24195603,0.25613872,0.25307874,0.22533068,0.17754531,0.20911096,0.24287032,0.21854229,0.26027678,0.20912971,0.23157018,0.25009538,0.25277599,0.17929078,0.21187418,0.21011008,0.22105448,0.18547766,0.18420809,0.23265704,0.25750850,0.23763353,0.22406429,0.20357816,0.23150929,0.21503404,0.17509371,0.23615128,0.24332595,0.23052762,0.23925437,0.20787694,0.25240090,0.22567649,0.23832737,0.20688781,0.20299428,0.20820556,0.22829635,0.19447539,0.17993149,0.23561131,0.22029429,0.21354655,0.21841340,0.20910382,0.21567583,0.20410742,0.17565329,0.22253590,0.21458725,0.18987268,0.20625573,0.26759188,0.20283162,0.23105433,0.21978816,0.18400124,0.21693168,0.22097660,0.23010087,0.24231661,0.23296188,0.22814069,0.21714502,0.18987653,0.21444564,0.23527425,0.17017852,0.23684022,0.21587245,0.23484754,0.23858743,0.22224731,0.22053326,0.22853872,0.24043187,0.21957474,0.22523202,0.19078278,0.25663334,0.22616305,0.22831716,0.22661294,0.20456000,0.21530278,0.21399196,0.22268070,0.23269019,0.23762841,0.23069490,0.23268177,0.22939189,0.22422694,0.20667846,0.23964262,0.23120569,0.19043184,0.19318617,0.21310573,0.20613752,0.24817390,0.22120288,0.19743619,0.22377587,0.21549568,0.22874322,0.23027813,0.21912060,0.21165840,0.22829921,0.20274054,0.18261385,0.21205653,0.17940452,0.18411766,0.22324983,0.21366814,0.25441340,0.22181140,0.22035961,0.23555084,0.23787765,0.22738123,0.23659565,0.24323912,0.25275694,0.21796377,0.25282380,0.25586681,0.17664137,0.26332494,0.24513467,0.19290099,0.19482719,0.21516486,0.22671248,0.22018698,0.21547802,0.17564389,0.23479237,0.22842540,0.20911534,0.20539591,0.18652931,0.20952959,0.19088473,0.24480289,0.21876248,0.22740947,0.23999347,0.25415070,0.21959474,0.23108466,0.17898855,0.21754949,0.21679212,0.21741248,0.21491267,0.22670704,0.23355541,0.23771270,0.19879165,0.22500778,0.20866223,0.21107184,0.17282407,0.22489468,0.20844729,0.22554602,0.22962600,0.17967472
0.19309460,0.22500593,0.32052861,0.22299542,0.22410455,0.32434390,0.20754025,0.21803117,0.21615450,0.17847476,0.80000000,0.19291346,0.21281178,0.23367929,0.21128042,0.22245603,0.22230149,0.21450985,0.21565686,0.22416384,0.20268766,0.19231812,0.17929830,0.19334527,0.19006422,0.22844920,0.14328592,0.19674920,0.19322932,0.24922349,0.18403872,0.15176526,0.20720431,0.19125425,0.20787905,0.22367718,0.17815441,0.19861011,0.20296293,0.30532520,0.17089486,0.20111623,0.21423909,0.18542944,0.21199548,0.21408088,0.17902562,0.20805165,0.20264363,0.22215420,0.21192652,0.17603202,0.18271463,0.16944333,0.22481335,0.23385931,0.20936596,0.16938654,0.19770416,0.17090961,0.21296841,0.19336575,0.18573848,0.20746917,0.21029727,0.21444314,0.19814349,0.20975101,0.15843726,0.21808665,0.18975064,0.20305536,0.20723025,0.20678349,0.24409189,0.19459010,0.15556197,0.20469527,0.20291751,0.18416482,0.19737208,0.22736338,0.23122719,0.15735028,0.21543808,0.17982990,0.22423370,0.20432296,0.20826926,0.22158015,0.22753373,0.29309970,0.20969829,0.20386890,0.20902675,0.21565079,0.21556102,0.21718833,0.21312090,0.19523285,0.20709633,0.15433773,0.19606672,0.20316576,0.15542442,0.22085664,0.17947250,0.24396081,0.21263465,0.15811178,0.20705021,0.19799612,0.17958660,0.17713920,0.21142541,0.20445495,0.20429040,0.20699054,0.21410780,0.15363625,0.19465138,0.20633371,0.16879777,0.16980751,0.19569282,0.18951560,0.20327003,0.20769440,0.22832974,0.20557483,0.26054415,0.19661621,0.16025740,0.20253668,0.20327888,0.19502298,0.21777416,0.19636252,0.16990974,0.21315917,0.19508410,0.17339430,0.20359197,0.17143328,0.20965262,0.14108252,0.20294595,0.20093712,0.26446577,0.19136453,0.22603357,0.21185099,0.18136436,0.21336222,0.22898951,0.20541571,0.19897172,0.19228894,0.22422898,0.22768671,0.23749208,0.18430586,0.19430013,0.18718081,0.20386347,0.21733306,0.21252521,0.22555076,0.22932940,0.20044512,0.24224952,0.20740086,0.22041685,0.18197006,0.21030591,0.19615686,0.22580458,0.20969757,0.21294643,0.21359170,0.18918712,0.20673583,0.20635800,0.20213169,0.27396762,0.27385443,0.18512081,0.15264565,0.23208355,0.21098416,0.24244735,0.17474356,0.20079572,0.19656165,0.20027542,0.21760076,0.22435311,0.21295164,0.19135491,0.15251652,0.20376438,0.19438325,0.22081444,0.23224019,0.19993438,0.20826760,0.17735792,0.20617695,0.20426330,0.12614614,0.17197818,0.15765779,0.18064741,0.14736156,0.14960288,0.17170414,0.15514386,0.21436347,0.18027956,0.21352310,0.17940502,0.17851159,0.13419069
0.22378163,0.22755989,0.19483693,0.19126783,0.22837049,0.19306634,0.26792436,0.25036598,0.24992511,0.24678458,0.19291346,0.80000000,0.23829821,0.19079408,0.23877658,0.23012061,0.23199318,0.24012833,0.29781323,0.28487580,0.26387073,0.30616746,0.19343080,0.24000753,0.18577962,0.20486239,0.20092965,0.18170366,0.25306961,0.22306963,0.26339488,0.24328078,0.21734974,0.27059615,0.25213610,0.25974151,0.24745226,0.23802373,0.24924421,0.20235046,0.21425376,0.27996645,0.20671070,0.22047998,0.20854926,0.22577646,0.19888402,0.25455933,0.30253865,0.23882299,0.28081994,0.25854811,0.28081028,0.27917810,0.22793590,0.17142755,0.23245695,0.26050332,0.20422046,0.25941137,0.24903133,0.24803133,0.26346187,0.28056255,0.17562349,0.18561376,0.21144861,0.23461344,0.19678661,0.22009175,0.28886936,0.29440723,0.23062585,0.23132088,0.22594144,0.25747918,0.20745551,0.16395636,0.23499174,0.25139854,0.25679536,0.24495216,0.22076536,0.24290227,0.25111350,0.26369986,0.22400067,0.19941158,0.23820909,0.27312118,0.21304266,0.18126084,0.27068480,0.23328784,0.23081172,0.21455526,0.21459129,0.24648944,0.19818753,0.18574238,0.24809282,0.21204023,0.22571889,0.21343357,0.26747394,0.22611193,0.23846358,0.22125228,0.20202901,0.22462647,0.24179894,0.24493313,0.23952123,0.23451598,0.24382467,0.23516025,0.19367604,0.24304107,0.25354394,0.18127155,0.29556782,0.23966309,0.25971838,0.26948641,0.25726186,0.24679658,0.24499082,0.24783519,0.23245733,0.25061652,0.19333356,0.28581890,0.24748779,0.21605606,0.25536691,0.19090087,0.21084279,0.21686710,0.26351376,0.23036327,0.25994112,0.24462591,0.26421603,0.24459626,0.25876145,0.21110458,0.24660859,0.25050812,0.19327062,0.19663757,0.22122478,0.21149783,0.27836694,0.23784170,0.19176995,0.22015959,0.23802119,0.24470057,0.23918495,0.25832502,0.21922992,0.22155854,0.22244934,0.19039804,0.23042522,0.17308586,0.19398436,0.23031734,0.21000021,0.27367881,0.23006541,0.21122346,0.24778309,0.26844523,0.22174300,0.25121103,0.24857277,0.24429349,0.19259721,0.28151649,0.24388016,0.16673230,0.25691584,0.23727568,0.20838174,0.19477506,0.21506166,0.20675836,0.24285369,0.21131658,0.16044414,0.22044964,0.24588043,0.19803202,0.22738509,0.17831120,0.20863367,0.19355472,0.25003430,0.23396097,0.24364026,0.24809074,0.25410530,0.21547128,0.24043514,0.17460593,0.20814396,0.23709334,0.22355828,0.20072463,0.22024775,0.23280433,0.25006976,0.21353183,0.20666289,0.22916971,0.24889974,0.17299861,0.23900497,0.24805897,0.23376871,0.22105788,0.19390512
0.19413317,0.21945527,0.16799157,0.20860645,0.21761299,0.21235186,0.20560826,0.24466068,0.22802959,0.21159062,0.21281178,0.23829821,0.80000000,0.21859832,0.23868187,0.24045203,0.22302335,0.24261615,0.25301813,0.27036665,0.21937535,0.23059884,0.19944081,0.21632791,0.19877919,0.23692930,0.16746460,0.15974545,0.20339123,0.19531147,0.20016229,0.57555981,0.21679355,0.22049652,0.20332366,0.24416565,0.20831222,0.22501168,0.23039368,0.19918698,0.17743155,0.23088137,0.21049491,0.21753435,0.22435312,0.22364752,0.16708720,0.24100661,0.23460966,0.21276575,0.24589285,0.19373736,0.21048986,0.20670114,0.24027986,0.23054323,0.22941971,0.18852057,0.23314291,0.25147983,0.27302581,0.20237735,0.22543374,0.23243129,0.22102429,0.22546038,0.28492722,0.21455489,0.15123536,0.23504396,0.20545755,0.23078209,0.21502584,0.19132548,0.23678921,0.20990800,0.16669123,0.20087313,0.23424593,0.19393108,0.23697767,0.24589287,0.22768735,0.18579177,0.25065314,0.19168859,0.22953592,0.22187457,0.22921178,0.25321825,0.23688471,0.20603410,0.28101962,0.23828930,0.23039124,0.24786151,0.19898171,0.24793665,0.22580114,0.19021346,0.22388347,0.19019189,0.18911705,0.22313561,0.20046632,0.20372645,0.17599519,0.21698827,0.18222307,0.17024816,0.21053583,0.19281449,0.19728171,0.20104819,0.23466188,0.22081874,0.20583956,0.22999668,0.23890613,0.12857938,0.22559866,0.25479300,0.20190754,0.23037845,0.18579117,0.19699258,0.25230249,0.22823789,0.23500793,0.21227000,0.16303923,0.21999343,0.18332910,0.21148176,0.24321850,0.21559753,0.20951789,0.21932185,0.18203110,0.23510403,0.21950251,0.60186886,0.21982170,0.17555072,0.25122500,0.16488915,0.23158440,0.21378886,0.21662312,0.19265006,0.18739377,0.21226734,0.20292718,0.19821719,0.19994263,0.22192353,0.19112050,0.17997077,0.23374248,0.28297181,0.21181125,0.18624858,0.21425818,0.17333831,0.20348552,0.18383946,0.17890048,0.23509740,0.22470746,0.22505065,0.24482485,0.22017678,0.23803338,0.21050496,0.22092547,0.19955056,0.23750666,0.24554708,0.22487768,0.22919854,0.22226526,0.21151091,0.21907604,0.22926794,0.20740007,0.20414785,0.17980034,0.24518894,0.26777147,0.22149454,0.15689213,0.19851196,0.22936834,0.20786183,0.21775382,0.21525301,0.22136298,0.24052938,0.20602565,0.16140078,0.22323006,0.20427591,0.24596590,0.22476921,0.19757435,0.18585758,0.20792880,0.22459176,0.21029258,0.14544151,0.17597268,0.18551445,0.20456202,0.16409363,0.18324281,0.19551902,0.15595476,0.13614911,0.22060737,0.21852640,0.18419475,0.20460567,0.12053549
0.17466255,0.20117946,0.19083779,0.22058498,0.20349157,0.23574907,0.24837011,0.27476610,0.21407549,0.18060138,0.23367929,0.19079408,0.21859832,0.80000000,0.23622709,0.22640015,0.22412550,0.20735614,0.22359859,0.23365568,0.21506512,0.21247977,0.18266163,0.18995745,0.21877647,0.24152943,0.15199308,0.18668220,0.19581603,0.22433734,0.20625944,0.14567962,0.20671768,0.20855271,0.19355075,0.20623993,0.17393204,0.22484561,0.21837766,0.24567522,0.16617767,0.20799624,0.22760157,0.19629232,0.21627668,0.20463008,0.18537186,0.22057473,0.21277794,0.24789695,0.21459351,0.18637792,0.20281480,0.17491624,0.24739466,0.23022714,0.22859829,0.17826682,0.21469277,0.17789679,0.21243885,0.20816356,0.17822418,0.20955828,0.25856556,0.21945728,0.20960656,0.25306732,0.16840549,0.23914301,0.19642652,0.20627255,0.20246158,0.20535594,0.21267166,0.20535969,0.15592479,0.21538935,0.21971630,0.18930271,0.19741178,0.22017361,0.20650232,0.18347809,0.22097175,0.17783658,0.21591541,0.22062844,0.23934149,0.21471140,0.21549649,0.23198438,0.20550038,0.22362318,0.18023266,0.21634281,0.26343356,0.23625774,0.21762496,0.23157985,0.23194681,0.17541831,0.20484741,0.22769518,0.17439766,0.21158867,0.19475722,0.21692460,0.21678065,0.16079742,0.22482209,0.19626957,0.19865838,0.21589923,0.22163757,0.22292006,0.20979672,0.25173885,0.22383568,0.15115576,0.19975854,0.20749261,0.17598671,0.18786100,0.20980483,0.20353412,0.22049655,0.21942760,0.21118131,0.19852344,0.19183992,0.21764660,0.17982741,0.21424709,0.21664762,0.22669261,0.22346894,0.21393292,0.18838057,0.22901112,0.22058233,0.17580435,0.20578945,0.19152417,0.21806676,0.17201588,0.19234557,0.21309619,0.22425552,0.20603668,0.22335242,0.21065377,0.19382390,0.20246786,0.20676941,0.20795129,0.28196144,0.17701701,0.20283893,0.22234039,0.19987555,0.19316231,0.20443372,0.20766430,0.19271874,0.20136146,0.20606823,0.21819780,0.22247391,0.21666457,0.22886137,0.22535296,0.23537992,0.17527842,0.23066324,0.18557262,0.20631862,0.22188804,0.23435152,0.21507040,0.20380220,0.21926756,0.20264348,0.21723449,0.22786332,0.20531005,0.20581011,0.17090141,0.22678735,0.21783853,0.20767493,0.21411897,0.19823087,0.21009609,0.19729685,0.20372141,0.23291375,0.22013483,0.21015375,0.15986999,0.21335951,0.20458847,0.21009656,0.20566366,0.17370416,0.19955787,0.16684257,0.20080069,0.17507645,0.12959822,0.17519304,0.19740357,0.19621621,0.15218448,0.14941227,0.16866693,0.15792923,0.16012925,0.18397712,0.18545057,0.19675121,0.18749445,0.14522392
0.19013257,0.21368993,0.16680132,0.19560474,0.21523500,0.20981748,0.21794052,0.22927401,0.27376018,0.21934500,0.21128042,0.23877658,0.23868187,0.23622709,0.80000000,0.24066275,0.23399700,0.25964949,0.27342441,0.28229638,0.23077233,0.27335288,0.18224976,0.22812612,0.23508111,0.22692249,0.15475942,0.17689747,0.24865522,0.20112943,0.23338556,0.15867601,0.22721452,0.23169466,0.23018745,0.24146696,0.20235715,0.26516323,0.23565228,0.19672725,0.16833212,0.24693878,0.21400932,0.18369031,0.21192883,0.23089823,0.16107398,0.23988049,0.26435118,0.23716663,0.24541505,0.20545587,0.27107292,0.20502001,0.23147249,0.20564227,0.28675272,0.19941331,0.22306793,0.19983076,0.25807315,0.25966994,0.23335978,0.25449187,0.20918193,0.21558779,0.21612422,0.22937047,0.15358631,0.22642026,0.29022254,0.24393106,0.21665617,0.22064944,0.23487190,0.22094360,0.17302219,0.20580118,0.26789102,0.21611655,0.24035634,0.26952071,0.22458404,0.20467963,0.24513703,0.20926507,0.25095082,0.21650248,0.26154233,0.26814533,0.23455974,0.20885180,0.22576452,0.25021120,0.22307498,0.22506292,0.21802701,0.23629439,0.22953286,0.20210191,0.24363474,0.21043747,0.21704994,0.22259040,0.21818263,0.21642219,0.20163606,0.24533180,0.19446013,0.17544356,0.21771074,0.20659891,0.20096383,0.20378840,0.26227542,0.27458928,0.19340765,0.24730590,0.26075642,0.13812624,0.23630587,0.26710311,0.23338989,0.22058918,0.23312221,0.26562500,0.26567916,0.26179301,0.24360348,0.27082793,0.17202433,0.26176780,0.18943176,0.21590570,0.26458433,0.21503485,0.22682803,0.23870896,0.20761383,0.24399166,0.27816690,0.18074005,0.24422446,0.22622208,0.29502342,0.22170944,0.23383325,0.25583015,0.22564149,0.20352394,0.20273719,0.24535742,0.24548053,0.23142445,0.20499797,0.22628205,0.22072379,0.19398340,0.24400373,0.21787912,0.20889761,0.19684469,0.25119696,0.20090102,0.21833197,0.18337405,0.18513904,0.24319649,0.22353067,0.27808947,0.23360787,0.20548303,0.27488866,0.20346807,0.23336566,0.19815667,0.26013394,0.25019081,0.20711564,0.25111223,0.23523283,0.21593868,0.24421117,0.25742773,0.19645993,0.21099909,0.22189746,0.16824354,0.25357700,0.21662757,0.16457719,0.23014108,0.25108435,0.22132766,0.22230808,0.22393363,0.24361580,0.21916422,0.26120132,0.20555484,0.26505120,0.25813109,0.25898350,0.22494761,0.21319836,0.18764274,0.18027600,0.24966222,0.22758378,0.15288875,0.17770406,0.19933484,0.23827846,0.15839370,0.16466462,0.21307623,0.16473990,0.14175284,0.21173508,0.22448490,0.23436009,0.21196360,0.16496113
0.20877205,0.25719006,0.17895277,0.20158187,0.25405619,0.22377907,0.23090189,0.23711023,0.25204117,0.21598427,0.22245603,0.23012061,0.24045203,0.22640015,0.24066275,0.80000000,0.27501642,0.27260685,0.27951503,0.27170364,0.26804168,0.24655900,0.21601299,0.23923889,0.19962914,0.24321838,0.20976388,0.16523867,0.22727171,0.24411987,0.20196867,0.17422044,0.26110116,0.23636295,0.24279233,0.27701462,0.25105081,0.22632830,0.26694206,0.21066162,0.20234166,0.22428233,0.32928973,0.22920378,0.26011349,0.23215969,0.18452083,0.27336801,0.23787807,0.24901973,0.24546138,0.40502450,0.23400004,0.21443034,0.24657029,0.21974874,0.23300247,0.20739831,0.39191489,0.23588311,0.22998339,0.21711498,0.21440362,0.22768768,0.22170874,0.23132252,0.22521478,0.24141464,0.16335541,0.22769465,0.20651681,0.22969518,0.22786284,0.34826506,0.33563130,0.25083629,0.23122429,0.20730244,0.23657670,0.20656326,0.24852108,0.27530289,0.32968451,0.20771279,0.25528538,0.20679668,0.23478560,0.24542580,0.26715576,0.27309414,0.25835689,0.22300637,0.24273182,0.24464557,0.21613147,0.23906222,0.22045280,0.29090840,0.21016087,0.21680696,0.23792078,0.22289271,0.21336448,0.24977746,0.19993337,0.23640549,0.20358614,0.24375241,0.18864449,0.20906727,0.26531140,0.24066626,0.25900739,0.21565579,0.26027421,0.23795599,0.19315952,0.22608980,0.24001906,0.15351826,0.22965290,0.24727918,0.19773399,0.19993009,0.21436000,0.21812051,0.23603445,0.21723380,0.22943516,0.24974892,0.18451303,0.21810569,0.23747909,0.27250260,0.25837254,0.26983992,0.22418858,0.23942226,0.18955861,0.25009683,0.23272953,0.19254655,0.21585862,0.19215335,0.26943565,0.18123752,0.22989147,0.21449567,0.26168289,0.20812087,0.22993419,0.24521005,0.22395113,0.23289988,0.28963524,0.24097319,0.22333145,0.19778669,0.24321043,0.28412485,0.23951488,0.25328980,0.20280519,0.18890233,0.20545436,0.20479948,0.19913553,0.24642889,0.40327151,0.22921645,0.39022005,0.24283259,0.24399128,0.25899877,0.26180272,0.38433477,0.26787211,0.25932227,0.26575431,0.23408682,0.25662294,0.22507171,0.25917200,0.22758443,0.21468110,0.24375891,0.20810130,0.18005006,0.27243356,0.24923791,0.17086691,0.21684519,0.25605326,0.22202290,0.23399642,0.21899322,0.29759660,0.23834057,0.21776366,0.19539321,0.22577518,0.22610840,0.27572321,0.23356998,0.21776526,0.18739203,0.17692818,0.24707319,0.21766326,0.16890215,0.23369933,0.20546182,0.20399289,0.16124175,0.16136572,0.22063512,0.17721384,0.15389971,0.22817345,0.23446435,0.22338407,0.24832093,0.15596596
