0.80000000,0.29559724,0.29778887,0.43458612,0.24683594,0.48106228,0.40586681,0.26624232,0.41192668,0.31607096,0.43755034,0.25607347,0.41339939,0.25335994,0.25781554,0.26161214,0.38631955,0.25226290,0.21499326,0.30212225,0.30443653,0.29515953,0.29128612,0.26392999,0.25873761,0.25516384
0.29559724,0.80000000,0.56170940,0.49664268,0.29815737,0.35153179,0.33890101,0.29087936,0.28626615,0.34755672,0.47815926,0.33612299,0.43538694,0.32850419,0.33654686,0.34048683,0.25937280,0.27646433,0.23240157,0.44931296,0.33163474,0.30658019,0.31741772,0.32418650,0.32254831,0.44850548
0.29778887,0.56170940,0.80000000,0.37281597,0.30391670,0.31511992,0.33630907,0.30197488,0.27449976,0.36227652,0.35442044,0.33020392,0.43892347,0.33602765,0.34373607,0.34358246,0.26023754,0.28490476,0.23813812,0.45423536,0.33172450,0.31550006,0.32513357,0.32990381,0.32909889,0.33073936
0.43458612,0.49664268,0.37281597,0.80000000,0.38051707,0.54711876,0.36079881,0.32027818,0.35244924,0.33067541,0.40153685,0.33183719,0.34430215,0.31338977,0.31876371,0.33095661,0.31073147,0.30059867,0.25238611,0.36561571,0.32739862,0.28541026,0.29786730,0.31144754,0.31481180,0.36000565
0.24683594,0.29815737,0.30391670,0.38051707,0.80000000,0.40965696,0.28427778,0.32516649,0.26479457,0.30988912,0.30756838,0.28627477,0.28493969,0.29280588,0.30209693,0.30941668,0.24876732,0.30335522,0.25345752,0.30159227,0.33588799,0.26108440,0.28109035,0.28112345,0.28059397,0.32061333
0.48106228,0.35153179,0.31511992,0.54711876,0.40965696,0.80000000,0.33961053,0.30936900,0.31326796,0.31832556,0.35300326,0.28542644,0.34095380,0.33172308,0.34112044,0.34583916,0.30285778,0.28684277,0.23626418,0.35322790,0.34019671,0.31216713,0.29251730,0.27286582,0.27190270,0.29282876
0.40586681,0.33890101,0.33630907,0.36079881,0.28427778,0.33961053,0.80000000,0.28860042,0.35509200,0.51460215,0.39703284,0.34215398,0.43456406,0.32720088,0.33571420,0.33463726,0.29818350,0.27870944,0.23103783,0.32748540,0.43122829,0.31048276,0.31453793,0.32001148,0.27597298,0.29856590
0.26624232,0.29087936,0.30197488,0.32027818,0.32516649,0.30936900,0.28860042,0.80000000,0.27205848,0.32017168,0.31379574,0.30172420,0.30238587,0.30531250,0.31973760,0.31569668,0.26590296,0.32973355,0.26655171,0.32900535,0.31945819,0.27953932,0.29167152,0.29967984,0.29875499,0.29841351
0.41192668,0.28626615,0.27449976,0.35244924,0.26479457,0.31326796,0.35509200,0.27205848,0.80000000,0.32232446,0.39215212,0.26240029,0.30883047,0.25650745,0.25670469,0.26604751,0.29166919,0.26445655,0.22566397,0.26924417,0.27878112,0.25026147,0.25689732,0.25311983,0.31099621,0.26330183
0.31607096,0.34755672,0.36227652,0.33067541,0.30988912,0.31832556,0.51460215,0.32017168,0.32232446,0.80000000,0.37088872,0.35122917,0.34515705,0.35622977,0.36315927,0.36377852,0.28050651,0.31358252,0.25746034,0.46510348,0.34776903,0.29274175,0.34454890,0.34955920,0.34101318,0.35063487
0.43755034,0.47815926,0.35442044,0.40153685,0.30756838,0.35300326,0.39703284,0.31379574,0.39215212,0.37088872,0.80000000,0.31592731,0.33857670,0.30723292,0.30916977,0.31847073,0.31143977,0.30180768,0.25191725,0.34812304,0.31564518,0.28673382,0.29059281,0.30272014,0.30288602,0.35378279
0.25607347,0.33612299,0.33020392,0.33183719,0.28627477,0.28542644,0.34215398,0.30172420,0.26240029,0.35122917,0.31592731,0.80000000,0.43922369,0.35633909,0.37206768,0.36329469,0.26766464,0.31285896,0.25123851,0.46030559,0.44478096,0.43405952,0.34383390,0.35337154,0.32979135,0.36877502
0.41339939,0.43538694,0.43892347,0.34430215,0.28493969,0.34095380,0.43456406,0.30238587,0.30883047,0.34515705,0.33857670,0.43922369,0.80000000,0.35946677,0.39608745,0.39256133,0.32575291,0.31434410,0.25127964,0.45559598,0.43944797,0.43061594,0.49139910,0.35577712,0.33052619,0.38006938
0.25335994,0.32850419,0.33602765,0.31338977,0.29280588,0.33172308,0.32720088,0.30531250,0.25650745,0.35622977,0.30723292,0.35633909,0.35946677,0.80000000,0.52249374,0.51694452,0.25765482,0.29966142,0.24504393,0.53322038,0.50971732,0.47141006,0.33975301,0.34880743,0.33723069,0.35726988
0.25781554,0.33654686,0.34373607,0.31876371,0.30209693,0.34112044,0.33571420,0.31973760,0.25670469,0.36315927,0.30916977,0.37206768,0.39608745,0.52249374,0.80000000,0.53113077,0.27231716,0.31663327,0.25292942,0.51986220,0.50948124,0.48447936,0.38303868,0.36282189,0.34575508,0.39341396
0.26161214,0.34048683,0.34358246,0.33095661,0.30941668,0.34583916,0.33463726,0.31569668,0.26604751,0.36377852,0.31847073,0.36329469,0.39256133,0.51694452,0.53113077,0.80000000,0.26845853,0.31287707,0.25520988,0.52408587,0.52332308,0.48441006,0.38175345,0.35664077,0.35105780,0.38931029
0.38631955,0.25937280,0.26023754,0.31073147,0.24876732,0.30285778,0.29818350,0.26590296,0.29166919,0.28050651,0.31143977,0.26766464,0.32575291,0.25765482,0.27231716,0.26845853,0.80000000,0.37178888,0.40246165,0.26430667,0.25464810,0.25270749,0.27524930,0.26321725,0.24957546,0.25987455
0.25226290,0.27646433,0.28490476,0.30059867,0.30335522,0.28684277,0.27870944,0.32973355,0.26445655,0.31358252,0.30180768,0.31285896,0.31434410,0.29966142,0.31663327,0.31287707,0.37178888,0.80000000,0.34381729,0.28950620,0.27837252,0.27578547,0.29733510,0.30702352,0.29167127,0.30279382
0.21499326,0.23240157,0.23813812,0.25238611,0.25345752,0.23626418,0.23103783,0.26655171,0.22566397,0.25746034,0.25191725,0.25123851,0.25127964,0.24504393,0.25292942,0.25520988,0.40246165,0.34381729,0.80000000,0.24363229,0.23885227,0.22710900,0.24520115,0.26006763,0.24258601,0.24432107
0.30212225,0.44931296,0.45423536,0.36561571,0.30159227,0.35322790,0.32748540,0.32900535,0.26924417,0.46510348,0.34812304,0.46030559,0.45559598,0.53322038,0.51986220,0.52408587,0.26430667,0.28950620,0.24363229,0.80000000,0.50028968,0.39506334,0.51319441,0.44770528,0.44403966,0.45028006
0.30443653,0.33163474,0.33172450,0.32739862,0.33588799,0.34019671,0.43122829,0.31945819,0.27878112,0.34776903,0.31564518,0.44478096,0.43944797,0.50971732,0.50948124,0.52332308,0.25464810,0.27837252,0.23885227,0.50028968,0.80000000,0.37977460,0.43212798,0.44155262,0.28311272,0.31808792
0.29515953,0.30658019,0.31550006,0.28541026,0.26108440,0.31216713,0.31048276,0.27953932,0.25026147,0.29274175,0.28673382,0.43405952,0.43061594,0.47141006,0.48447936,0.48441006,0.25270749,0.27578547,0.22710900,0.39506334,0.37977460,0.80000000,0.42598189,0.43694558,0.26854126,0.43143397
0.29128612,0.31741772,0.32513357,0.29786730,0.28109035,0.29251730,0.31453793,0.29167152,0.25689732,0.34454890,0.29059281,0.34383390,0.49139910,0.33975301,0.38303868,0.38175345,0.27524930,0.29733510,0.24520115,0.51319441,0.43212798,0.42598189,0.80000000,0.38323169,0.35285689,0.37395997
0.26392999,0.32418650,0.32990381,0.31144754,0.28112345,0.27286582,0.32001148,0.29967984,0.25311983,0.34955920,0.30272014,0.35337154,0.35577712,0.34880743,0.36282189,0.35664077,0.26321725,0.30702352,0.26006763,0.44770528,0.44155262,0.43694558,0.38323169,0.80000000,0.43218256,0.40632230
0.25873761,0.32254831,0.32909889,0.31481180,0.28059397,0.27190270,0.27597298,0.29875499,0.31099621,0.34101318,0.30288602,0.32979135,0.33052619,0.33723069,0.34575508,0.35105780,0.24957546,0.29167127,0.24258601,0.44403966,0.28311272,0.26854126,0.35285689,0.43218256,0.80000000,0.39150932
0.25516384,0.44850548,0.33073936,0.36000565,0.32061333,0.29282876,0.29856590,0.29841351,0.26330183,0.35063487,0.35378279,0.36877502,0.38006938,0.35726988,0.39341396,0.38931029,0.25987455,0.30279382,0.24432107,0.45028006,0.31808792,0.43143397,0.37395997,0.40632230,0.39150932,0.80000000
