0.80000000,0.29950093,0.23702877,0.24055026,0.25254878,0.25135085,0.24887108,0.24891196,0.27511961,0.24641072,0.24537186,0.24391667,0.24410659,0.25126411,0.25613087,0.22550529,0.24131399,0.25075432,0.22683478,0.22907692,0.22429762,0.21697832,0.24341038,0.21490016,0.24884738,0.25140914,0.24386032,0.21423699,0.24168303,0.27759579,0.25191010,0.24844720,0.31302070,0.22949421,0.23382574,0.41939591,0.26026255,0.23126197,0.24165103,0.23493760,0.22533812,0.22645342,0.22804198,0.23773122,0.24737258,0.25806243,0.25100909,0.25046192,0.24959891,0.24976057,0.25197236,0.24478911,0.25599109,0.22643549,0.26109548,0.25237098,0.22277669,0.25657432,0.26210089,0.26940614,0.25265144,0.25658699,0.27553050,0.26816769,0.27623364,0.28387153,0.26806157,0.25843739,0.23183168,0.24128200,0.23242425,0.22187631,0.27770245,0.28418853,0.21854624,0.21104080,0.23223832,0.24097946,0.24521433,0.27310654,0.24308106,0.25967637,0.27125833,0.26827055,0.28037764,0.25413705,0.25954381,0.21635103,0.24200910,0.34100479,0.25312792,0.22557388,0.30106691,0.30820418,0.27497026
0.29950093,0.80000000,0.19509874,0.19657677,0.20422164,0.20354762,0.20367136,0.20411285,0.22927334,0.32126013,0.20196853,0.20557215,0.20127544,0.21285963,0.20864475,0.18748383,0.20088278,0.21153030,0.18797191,0.19083392,0.18137544,0.18399801,0.20573875,0.17664511,0.20576069,0.21018061,0.20734283,0.17838568,0.19508875,0.23133825,0.20359097,0.20499623,0.24739931,0.19736575,0.19348836,0.29198041,0.21376815,0.18988887,0.20220100,0.19442645,0.18668146,0.18770359,0.18901441,0.19582877,0.20316040,0.21092148,0.20727051,0.20909879,0.20003504,0.20641282,0.21039093,0.20494751,0.21216732,0.19448069,0.21332890,0.20943778,0.18602985,0.21083075,0.22197336,0.22535173,0.21366165,0.21519393,0.22960624,0.22446404,0.24265957,0.23358372,0.21795457,0.21934172,0.19627387,0.20111777,0.19498716,0.29438207,0.52951973,0.24422001,0.18593032,0.17492132,0.19128609,0.20653699,0.21012041,0.22655964,0.20272803,0.21614078,0.22590197,0.22733682,0.23158918,0.21243852,0.21684379,0.18329859,0.20751772,0.27592461,0.21579681,0.18896861,0.24091555,0.24449983,0.23406251
0.23702877,0.19509874,0.80000000,0.31444037,0.29280404,0.29755489,0.30402448,0.29757242,0.19532575,0.21713250,0.24975670,0.26987969,0.21019403,0.21139316,0.19869890,0.29291135,0.28642775,0.28216429,0.29528472,0.29706477,0.30274930,0.28590598,0.26322449,0.28013077,0.39261471,0.27639937,0.27904626,0.28355584,0.21196796,0.19090838,0.18393503,0.19628519,0.23231822,0.20090914,0.19861883,0.23871344,0.23828092,0.20354065,0.19547772,0.19717134,0.19432128,0.20272145,0.18735451,0.19232819,0.33771609,0.32640214,0.30729711,0.29101054,0.28738677,0.27707350,0.27751131,0.26698190,0.27786187,0.24724814,0.28959971,0.29516838,0.33895106,0.29401505,0.19131253,0.19741906,0.20372076,0.20928337,0.20205171,0.19531544,0.21801003,0.20820783,0.19594379,0.19788875,0.20268013,0.20060475,0.21355416,0.20661725,0.19332211,0.19076208,0.19203841,0.20686554,0.20348014,0.21073629,0.19113003,0.23743826,0.36680277,0.20581213,0.17955867,0.21067201,0.20003329,0.21216676,0.21565330,0.19585075,0.19203178,0.24282570,0.21236852,0.21005436,0.23927367,0.25187294,0.18474305
0.24055026,0.19657677,0.31444037,0.80000000,0.39223232,0.40589954,0.39685863,0.41184630,0.25496831,0.21114606,0.25628645,0.26723762,0.21252757,0.21036999,0.21387068,0.28264055,0.29022718,0.28797430,0.29302147,0.29800838,0.28748122,0.27910775,0.27189184,0.27857021,0.26227653,0.28111187,0.27870222,0.27739239,0.26086670,0.19917619,0.25073905,0.20258468,0.24038441,0.25470291,0.20239481,0.24244345,0.21840695,0.20216945,0.20061586,0.20273514,0.19575155,0.20303311,0.19354012,0.19836791,0.30450334,0.28870547,0.31718868,0.30692671,0.29376835,0.29578922,0.29577929,0.27196988,0.29198585,0.25667177,0.29721084,0.29837660,0.28970672,0.29921253,0.19068345,0.19750898,0.19961667,0.20309997,0.20426999,0.24873469,0.19496879,0.20906798,0.19823339,0.20462446,0.24792331,0.20365608,0.20645289,0.20371267,0.19543461,0.19190967,0.19601586,0.19702634,0.20412077,0.20761401,0.19365674,0.23354320,0.28583392,0.20925175,0.18873090,0.26265837,0.25516669,0.25990571,0.26106502,0.19504756,0.19615226,0.24325549,0.26898090,0.26701441,0.24517550,0.25507681,0.19094407
0.25254878,0.20422164,0.29280404,0.39223232,0.80000000,0.39240286,0.42811117,0.39152113,0.19628340,0.19681199,0.20311312,0.20809901,0.20685238,0.20975799,0.21419053,0.26837555,0.28171299,0.28866983,0.27732374,0.28177163,0.27395132,0.25962038,0.27487243,0.25492149,0.26559599,0.27831816,0.27124867,0.25480375,0.26188070,0.20444314,0.19913673,0.19821348,0.24715937,0.23492030,0.19737438,0.24993617,0.21589773,0.19359761,0.20174010,0.19832347,0.19347421,0.19195577,0.19513842,0.20028537,0.30455859,0.28807014,0.31154340,0.29972035,0.29012504,0.29218661,0.29941998,0.27852554,0.28929152,0.25927980,0.29629226,0.29646990,0.26660319,0.29675871,0.18963714,0.19545437,0.20785623,0.20030707,0.21119904,0.25644044,0.19672778,0.19836398,0.18474935,0.18914580,0.23275349,0.20492359,0.19355375,0.17832161,0.19332080,0.19792829,0.17971467,0.17558535,0.19187108,0.19558734,0.19410125,0.21661807,0.28327931,0.21156501,0.19551831,0.25794099,0.26729070,0.25559480,0.25689533,0.17597046,0.20799517,0.24471710,0.26335540,0.24097418,0.23757109,0.24680916,0.20286263
0.25135085,0.20354762,0.29755489,0.40589954,0.39240286,0.80000000,0.38992355,0.41324338,0.25995669,0.20364243,0.26426046,0.26456393,0.21106023,0.20968517,0.21464576,0.27487031,0.28616176,0.28948897,0.27702294,0.28222482,0.27356026,0.26537813,0.27854331,0.25861706,0.26845730,0.28149324,0.26977019,0.25182956,0.26384686,0.20809554,0.25535643,0.20158376,0.25134158,0.24534161,0.20414659,0.25241419,0.22016863,0.19885553,0.20503750,0.20370783,0.19914425,0.19844123,0.19727642,0.20490347,0.30502434,0.28846746,0.30541792,0.30030034,0.29334161,0.29709740,0.29616721,0.28335854,0.28934869,0.25673708,0.30070055,0.29726496,0.27560218,0.29796914,0.19442336,0.19888824,0.20538404,0.19894749,0.20965167,0.25583832,0.20073632,0.20047922,0.18896373,0.19672019,0.24167145,0.20582583,0.19934503,0.18707927,0.19921249,0.19910664,0.18931140,0.18659118,0.20004565,0.20601613,0.20086351,0.22390414,0.28883471,0.20902991,0.19537019,0.26268951,0.26322608,0.25394712,0.25297237,0.18660921,0.20366197,0.24925903,0.26768871,0.25286596,0.24295629,0.25143251,0.20060637
0.24887108,0.20367136,0.30402448,0.39685863,0.42811117,0.38992355,0.80000000,0.39761219,0.19654203,0.20737657,0.20341563,0.21102347,0.21389062,0.21576894,0.21174702,0.27888003,0.28661259,0.28750895,0.28565859,0.28750249,0.28430320,0.27738071,0.27245443,0.27167913,0.26368706,0.28396990,0.27725484,0.26973220,0.26248248,0.20109590,0.19624679,0.20158309,0.24424726,0.24276578,0.20010731,0.24829110,0.21832766,0.19976386,0.20012281,0.19985446,0.19508028,0.20067664,0.19379531,0.19947162,0.30415796,0.28998570,0.31361128,0.30371016,0.29277550,0.29105451,0.29430411,0.27398692,0.29014349,0.25759343,0.29868348,0.29718058,0.27807530,0.30125096,0.18917375,0.19945535,0.20742686,0.20725942,0.20950334,0.25434678,0.19886673,0.20780406,0.19203355,0.20310245,0.24459319,0.20760041,0.20268552,0.19363423,0.19216564,0.19831390,0.18750104,0.19110504,0.19882831,0.20215178,0.19309360,0.22966228,0.28023580,0.21223261,0.18900593,0.26242392,0.26125442,0.26203543,0.26514819,0.18894476,0.20194368,0.24436617,0.26380951,0.24934895,0.24133585,0.25074938,0.19547343
0.24891196,0.20411285,0.29757242,0.41184630,0.39152113,0.41324338,0.39761219,0.80000000,0.25698648,0.20463672,0.20610187,0.26678128,0.21228948,0.21457070,0.21557625,0.27556188,0.28573132,0.28845760,0.27990592,0.29000965,0.27529678,0.26992848,0.27716725,0.26554719,0.26813799,0.27856428,0.27049579,0.25585695,0.26258409,0.20241846,0.25462767,0.20366272,0.24717892,0.24816184,0.20501823,0.24915619,0.22089656,0.20049251,0.20460689,0.20317605,0.19702051,0.20027179,0.19878534,0.20319887,0.30838545,0.29120638,0.30983091,0.29906825,0.29245378,0.29353377,0.29593024,0.27580071,0.28834771,0.25746403,0.29891893,0.29622021,0.27900743,0.29936450,0.19251072,0.19910105,0.20618191,0.20690033,0.21113564,0.25583423,0.19969565,0.20520861,0.19309566,0.20190609,0.24386808,0.20475409,0.20206386,0.19057125,0.19905825,0.19834973,0.18799095,0.18538466,0.19756122,0.20273059,0.19704199,0.22678350,0.28283729,0.21277053,0.19207815,0.26216217,0.26305798,0.25790689,0.25824880,0.18708202,0.20471572,0.24644551,0.26607823,0.25823339,0.24387296,0.25253044,0.19909015
0.27511961,0.22927334,0.19532575,0.25496831,0.19628340,0.25995669,0.19654203,0.25698648,0.80000000,0.20886224,0.20135793,0.25367703,0.20007010,0.20856551,0.20565235,0.18285372,0.19309783,0.20351909,0.18687536,0.19290058,0.18401935,0.18155907,0.19904678,0.18106966,0.19649657,0.19883610,0.19604025,0.17270829,0.19527367,0.26785514,0.25544402,0.23844972,0.23814947,0.21878579,0.18878622,0.26700254,0.20556769,0.18611418,0.19419145,0.18925061,0.18172005,0.18545829,0.18510578,0.19097681,0.20168046,0.21316977,0.20393473,0.20268971,0.20134042,0.20398566,0.20290749,0.19415893,0.20293931,0.18607055,0.21170689,0.20401941,0.18545635,0.20752366,0.21196092,0.32056320,0.20711746,0.24446206,0.26265095,0.24858462,0.21542247,0.21268151,0.20813664,0.20545869,0.19221994,0.22776407,0.22928745,0.18976885,0.22690207,0.22547057,0.18687500,0.17488740,0.19326426,0.19972798,0.20335567,0.21523034,0.20129655,0.21592886,0.21479628,0.25859222,0.26180720,0.25004973,0.25545255,0.18432438,0.20457011,0.26140935,0.24347190,0.24300945,0.23475548,0.23948999,0.21972840
0.24641072,0.32126013,0.21713250,0.21114606,0.19681199,0.20364243,0.20737657,0.20463672,0.20886224,0.80000000,0.19553713,0.20880141,0.21450170,0.21886997,0.20454883,0.21145959,0.20716208,0.20554819,0.19665326,0.20381942,0.20628950,0.20446541,0.19280788,0.21033121,0.19580224,0.20094635,0.20970899,0.20495741,0.19719415,0.20989743,0.18688853,0.20092522,0.22834208,0.21095016,0.19228054,0.25040197,0.20742894,0.20071078,0.19158470,0.19254599,0.18665712,0.19833153,0.18138913,0.18586514,0.20108739,0.21105051,0.21275820,0.20543335,0.20538554,0.19416250,0.19433358,0.19310818,0.19880791,0.18057111,0.20680702,0.21382546,0.20843140,0.21006161,0.19570041,0.21659167,0.20547542,0.21981537,0.21230933,0.20405297,0.21552988,0.23014438,0.21261277,0.22019470,0.21842810,0.20315909,0.22569372,0.38123943,0.29893418,0.19748957,0.20165587,0.21530323,0.21523588,0.21561153,0.19702781,0.24587311,0.20384536,0.20327869,0.18787548,0.22685947,0.22132868,0.23557880,0.23884422,0.20766814,0.19387656,0.24826717,0.21232081,0.21230653,0.24239554,0.24813079,0.19321934
0.24537186,0.20196853,0.24975670,0.25628645,0.20311312,0.26426046,0.20341563,0.20610187,0.20135793,0.19553713,0.80000000,0.21264437,0.21634599,0.22110143,0.22175787,0.20067292,0.21223904,0.22001032,0.18879413,0.19682673,0.18556415,0.24085962,0.20716139,0.18766247,0.21025141,0.25601792,0.25306680,0.23474141,0.20568701,0.20073797,0.19687228,0.20371890,0.24355224,0.19503080,0.19870898,0.24933164,0.21624789,0.19770883,0.20259044,0.19955568,0.19307195,0.19469736,0.19440428,0.19965933,0.21213624,0.22033612,0.21233986,0.26839555,0.21643496,0.21123976,0.21446212,0.26140888,0.26236928,0.23857972,0.22557469,0.21832215,0.19997978,0.21638626,0.19722380,0.20136343,0.20877194,0.20112057,0.20937567,0.20366508,0.19762707,0.19977446,0.19142634,0.18993398,0.18618515,0.20344204,0.20335729,0.18280363,0.19467269,0.19964748,0.19386667,0.19126596,0.20513244,0.20489545,0.20811441,0.22478911,0.20238966,0.21054726,0.19195447,0.20787948,0.21045348,0.19928633,0.20374644,0.19344066,0.20447251,0.24871583,0.21130949,0.19123575,0.24038818,0.24515114,0.19739036
0.24391667,0.20557215,0.26987969,0.26723762,0.20809901,0.26456393,0.21102347,0.26678128,0.25367703,0.20880141,0.21264437,0.80000000,0.37836678,0.37945501,0.39097092,0.20782472,0.22948638,0.23456863,0.31738179,0.21281253,0.22606553,0.23016328,0.21099277,0.23180754,0.39914093,0.22976599,0.23958427,0.20114766,0.21588757,0.23074248,0.25416874,0.23856019,0.23789021,0.19215228,0.19184181,0.24721546,0.39055916,0.19183143,0.19475975,0.19279861,0.21392114,0.19158957,0.18699326,0.19172455,0.20874083,0.23086915,0.22273320,0.21805070,0.21316399,0.21100312,0.21471962,0.22666985,0.21896924,0.20796968,0.23281980,0.22516240,0.21638882,0.22502402,0.19576114,0.20440987,0.22100272,0.20612040,0.21308071,0.20322240,0.46350866,0.26875077,0.24875430,0.25718187,0.28870137,0.22038230,0.20110201,0.18546218,0.19974739,0.19922073,0.18465640,0.18988756,0.19856552,0.20134544,0.19679852,0.22929029,0.20105338,0.20889760,0.27510429,0.21495896,0.21325694,0.21301062,0.21819865,0.18782937,0.20897864,0.24673724,0.21288567,0.24988918,0.23685733,0.24380095,0.25939880
0.24410659,0.20127544,0.21019403,0.21252757,0.20685238,0.21106023,0.21389062,0.21228948,0.20007010,0.21450170,0.21634599,0.37836678,0.80000000,0.41622569,0.37001829,0.22459136,0.22607047,0.22537156,0.21082510,0.21473003,0.20927930,0.21512183,0.22238887,0.22455753,0.21756655,0.39605377,0.21699691,0.21337407,0.21986893,0.19989681,0.19774373,0.20853892,0.24229087,0.20465325,0.19998438,0.24803008,0.21774710,0.20317415,0.20014979,0.20002893,0.19358310,0.20426693,0.19508221,0.19752058,0.21224137,0.23651328,0.23365812,0.21876581,0.21907999,0.20802143,0.21401760,0.21070676,0.21578009,0.20359185,0.23950344,0.22495624,0.22092217,0.23311839,0.19734517,0.20645772,0.22187138,0.21652711,0.21464992,0.20555925,0.29042392,0.27812224,0.26193695,0.26519149,0.30105157,0.20096933,0.21476493,0.20033756,0.20111559,0.20044816,0.19683206,0.20295158,0.21054148,0.20934459,0.20052305,0.24254330,0.20705864,0.21719479,0.27865977,0.21827237,0.21717337,0.22044948,0.22033238,0.19928284,0.20681714,0.25242050,0.21178516,0.20394688,0.24657947,0.25841405,0.25571197
0.25126411,0.21285963,0.21139316,0.21036999,0.20975799,0.20968517,0.21576894,0.21457070,0.20856551,0.21886997,0.22110143,0.37945501,0.41622569,0.80000000,0.37845504,0.21918231,0.22235774,0.22404618,0.20736276,0.21340530,0.20769824,0.21578747,0.22644205,0.22350353,0.22519380,0.21709440,0.21871714,0.20996096,0.22223130,0.20443409,0.20090043,0.20835537,0.24407820,0.21022899,0.19630844,0.25423323,0.21499305,0.20106480,0.20058072,0.19842097,0.19063031,0.20043958,0.19417685,0.19595049,0.21148520,0.24543951,0.22773518,0.22244608,0.21939971,0.21464447,0.21583394,0.21688590,0.22251821,0.20405543,0.23885012,0.23010592,0.22056811,0.23952045,0.19819160,0.21300354,0.22598431,0.22163878,0.21954736,0.21125150,0.29328910,0.28424739,0.26273977,0.27211262,0.30336470,0.20456910,0.21455749,0.20256100,0.20725515,0.21178341,0.20175079,0.19969315,0.20965273,0.21045157,0.20281835,0.23983333,0.20895196,0.22541301,0.28377857,0.22318853,0.22122305,0.22018058,0.22843035,0.20021037,0.21652299,0.25369643,0.22044064,0.20803079,0.25196346,0.25839522,0.26200556
0.25613087,0.20864475,0.19869890,0.21387068,0.21419053,0.21464576,0.21174702,0.21557625,0.20565235,0.20454883,0.22175787,0.39097092,0.37001829,0.37845504,0.80000000,0.20223597,0.21975750,0.22192833,0.19271575,0.20102233,0.19157158,0.19461842,0.21295009,0.20029604,0.21541818,0.21590989,0.21601828,0.18872674,0.20844899,0.21541887,0.21473613,0.21650430,0.24558506,0.19672842,0.19464646,0.25623606,0.21116366,0.19001626,0.19774675,0.19473616,0.18571735,0.18956062,0.18812035,0.19352125,0.21286619,0.23729894,0.22587988,0.21749870,0.21792605,0.22006923,0.21729347,0.21996328,0.22163940,0.20480172,0.23657852,0.22354443,0.21288438,0.22624663,0.20188919,0.21305891,0.22302068,0.20676931,0.21264891,0.20689319,0.29150535,0.27342387,0.26112877,0.25866769,0.28334294,0.19635940,0.20187748,0.18509800,0.21268851,0.20355733,0.19307415,0.18604127,0.20693546,0.20585085,0.20875406,0.23040585,0.20723838,0.20947967,0.29276898,0.21688821,0.22465221,0.20468979,0.20930607,0.19717177,0.21470010,0.25804093,0.21211370,0.19792794,0.25090320,0.24989064,0.27127895
0.22550529,0.18748383,0.29291135,0.28264055,0.26837555,0.27487031,0.27888003,0.27556188,0.18285372,0.21145959,0.20067292,0.20782472,0.22459136,0.21918231,0.20223597,0.80000000,0.39979888,0.39206380,0.32673503,0.32779250,0.34121648,0.31536517,0.30152179,0.31349080,0.22349901,0.21543078,0.22921218,0.22662672,0.22501186,0.18003172,0.17765645,0.19317296,0.22274903,0.20417702,0.19428543,0.23462997,0.21002727,0.20234920,0.19087575,0.19511085,0.19358227,0.20214183,0.18482717,0.18883315,0.27085704,0.29244926,0.30853484,0.29486715,0.28891015,0.28113239,0.28842176,0.26593682,0.27294915,0.25441909,0.29811772,0.30363076,0.29402636,0.30901011,0.18293206,0.19119880,0.20444903,0.21226274,0.20372632,0.19264101,0.18975074,0.20501986,0.18979962,0.19498766,0.20399480,0.19944409,0.20970358,0.20303449,0.18278129,0.18248518,0.19165846,0.20804588,0.20121080,0.19918226,0.18251852,0.23777696,0.27332222,0.20035055,0.17318529,0.22185762,0.20294892,0.22188898,0.22338059,0.19618015,0.19108661,0.23197983,0.20341338,0.21074363,0.23019701,0.24742840,0.17519969
0.24131399,0.20088278,0.28642775,0.29022718,0.28171299,0.28616176,0.28661259,0.28573132,0.19309783,0.20716208,0.21223904,0.22948638,0.22607047,0.22235774,0.21975750,0.39979888,0.80000000,0.40760945,0.32833579,0.33358202,0.33323740,0.31225512,0.30845546,0.31291244,0.23346546,0.24640186,0.23503815,0.21795813,0.22689038,0.21287154,0.19565761,0.20519695,0.23681317,0.20333756,0.20125586,0.24634534,0.21629102,0.20121354,0.19980823,0.20096027,0.19575391,0.20050819,0.19094527,0.19743346,0.28069011,0.30324785,0.31925348,0.30837269,0.30518257,0.30130421,0.30546452,0.28742601,0.29152563,0.26607139,0.30547558,0.31421824,0.29921664,0.31915620,0.19366234,0.20776423,0.21173920,0.21159843,0.21282742,0.20907156,0.21332378,0.20950700,0.19701974,0.19591245,0.19726036,0.20386245,0.21279481,0.19648892,0.19439452,0.19151370,0.19472004,0.20022328,0.20466486,0.20335188,0.19600469,0.23460923,0.28660700,0.20553474,0.19326405,0.22059637,0.21504595,0.21309522,0.21455599,0.19636071,0.20374448,0.24334539,0.21681502,0.21037062,0.24061047,0.25628151,0.19065385
0.25075432,0.21153030,0.28216429,0.28797430,0.28866983,0.28948897,0.28750895,0.28845760,0.20351909,0.20554819,0.22001032,0.23456863,0.22537156,0.22404618,0.22192833,0.39206380,0.40760945,0.80000000,0.32287788,0.32978664,0.32438806,0.30844413,0.31719742,0.30417898,0.23888762,0.24661515,0.23699772,0.21199754,0.23190742,0.21940304,0.19957894,0.20801630,0.24158664,0.20296906,0.20029965,0.25405299,0.21843770,0.19858474,0.20226465,0.20125708,0.19588924,0.19614253,0.19419123,0.19987191,0.28669856,0.30846841,0.31843630,0.31502945,0.30997574,0.30801603,0.31374232,0.28793394,0.29447256,0.27155819,0.31235070,0.31985850,0.29159590,0.32084861,0.19995054,0.20957242,0.21523918,0.21319895,0.21796955,0.21401025,0.21625338,0.20982855,0.19563726,0.19111151,0.18937047,0.20656698,0.20756961,0.18771833,0.20285443,0.20169918,0.19282207,0.19189413,0.20531841,0.20151589,0.20107545,0.23106296,0.28677752,0.20878245,0.19332304,0.22743778,0.22889342,0.22027638,0.21982266,0.19397772,0.21350823,0.25182799,0.21608311,0.20327313,0.23968641,0.25227134,0.20195703
0.22683478,0.18797191,0.29528472,0.29302147,0.27732374,0.27702294,0.28565859,0.27990592,0.18687536,0.19665326,0.18879413,0.31738179,0.21082510,0.20736276,0.19271575,0.32673503,0.32833579,0.32287788,0.80000000,0.39933627,0.40613131,0.33259394,0.31153498,0.32151055,0.29388313,0.31555616,0.31173892,0.31873397,0.29498471,0.21145793,0.17781331,0.21929878,0.22568041,0.19015400,0.19250784,0.22861807,0.20968872,0.19541076,0.19030527,0.19456061,0.21556898,0.20842318,0.18558560,0.18988275,0.27651265,0.27787982,0.31028369,0.29688181,0.29404241,0.28476837,0.28492034,0.25931776,0.27233686,0.25191237,0.28395274,0.29281284,0.27953955,0.29024579,0.18142554,0.18851596,0.19882432,0.20422189,0.19920478,0.19550040,0.20972241,0.19667411,0.18458421,0.19054547,0.19076481,0.21990967,0.20215269,0.19029404,0.17731091,0.18156609,0.17820599,0.19328164,0.19387373,0.19289468,0.17784442,0.22458552,0.26432188,0.19718449,0.17686149,0.20633539,0.19937589,0.20601807,0.20873558,0.17898173,0.18376176,0.22851571,0.20028153,0.22940227,0.22808249,0.24166099,0.17843201
0.22907692,0.19083392,0.29706477,0.29800838,0.28177163,0.28222482,0.28750249,0.29000965,0.19290058,0.20381942,0.19682673,0.21281253,0.21473003,0.21340530,0.20102233,0.32779250,0.33358202,0.32978664,0.39933627,0.80000000,0.40013311,0.32280474,0.28880204,0.32060787,0.29366867,0.31784131,0.31583035,0.31996830,0.29565693,0.19000620,0.18090483,0.19755023,0.23225401,0.19455282,0.19615074,0.23245957,0.21370981,0.20020143,0.19469013,0.19522620,0.18910074,0.19740196,0.18916375,0.19249367,0.28106169,0.28279278,0.31409478,0.29984368,0.30059478,0.28998472,0.29353132,0.26945122,0.28046888,0.25626003,0.28989150,0.30116149,0.28553758,0.29668238,0.18415312,0.19661342,0.20525895,0.20343000,0.20028560,0.19654906,0.18901414,0.19932985,0.19067447,0.19773274,0.19934703,0.19493029,0.20845508,0.19524852,0.18529223,0.18720477,0.18650196,0.19973885,0.20265864,0.20002787,0.18772749,0.23071150,0.27215349,0.19895165,0.18211749,0.20580920,0.20515955,0.21184316,0.20733205,0.18717783,0.18883679,0.23425551,0.20364568,0.20060904,0.23413619,0.24608298,0.18389315
0.22429762,0.18137544,0.30274930,0.28748122,0.27395132,0.27356026,0.28430320,0.27529678,0.18401935,0.20628950,0.18556415,0.22606553,0.20927930,0.20769824,0.19157158,0.34121648,0.33323740,0.32438806,0.40613131,0.40013311,0.80000000,0.33160787,0.28229323,0.32431039,0.29200835,0.31058548,0.31414503,0.32559491,0.29423066,0.20594066,0.17342471,0.21390542,0.21801925,0.19253913,0.18619370,0.22660953,0.20206663,0.19877848,0.18604932,0.18831501,0.21266245,0.20890384,0.17940883,0.18383397,0.27688899,0.27709098,0.31756492,0.29523789,0.29784423,0.27908138,0.28718702,0.26266034,0.27011368,0.24861823,0.28309140,0.29611156,0.28520442,0.29203970,0.17659961,0.18691833,0.19981721,0.21081705,0.19648007,0.19053117,0.21270614,0.20059451,0.18474254,0.19425357,0.20159852,0.22517177,0.20651611,0.19891260,0.17381361,0.17821661,0.18280093,0.20871401,0.19894665,0.19505241,0.18034741,0.23160082,0.26895085,0.19563074,0.16872916,0.20824337,0.19405567,0.21103701,0.21792290,0.18664349,0.18201944,0.22518173,0.19734390,0.23571080,0.22773419,0.24029939,0.17019272
0.21697832,0.18399801,0.28590598,0.27910775,0.25962038,0.26537813,0.27738071,0.26992848,0.18155907,0.20446541,0.24085962,0.23016328,0.21512183,0.21578747,0.19461842,0.31536517,0.31225512,0.30844413,0.33259394,0.32280474,0.33160787,0.80000000,0.36128760,0.37829248,0.31244342,0.30396324,0.30808318,0.32170013,0.31406850,0.20644217,0.17475387,0.21865135,0.21513357,0.20173612,0.18414368,0.22174220,0.20352819,0.19407743,0.18283631,0.18561540,0.20973325,0.19402078,0.22316638,0.18200922,0.26085692,0.28642693,0.29989796,0.29153595,0.28491138,0.27874229,0.27420729,0.26503232,0.26917075,0.25072718,0.29691040,0.29044968,0.29957507,0.29816890,0.17716976,0.18728510,0.19943652,0.20890566,0.19384638,0.19602849,0.20493219,0.19553261,0.18782684,0.19389763,0.19763255,0.21670889,0.20931777,0.19852510,0.17854967,0.17812684,0.18301842,0.20261185,0.19541116,0.19351660,0.18165272,0.25155689,0.25981314,0.19267175,0.18322480,0.20665787,0.24413940,0.21030483,0.21578285,0.20506518,0.19001617,0.22457362,0.20767832,0.23311359,0.22312514,0.23472609,0.17111794
0.24341038,0.20573875,0.26322449,0.27189184,0.27487243,0.27854331,0.27245443,0.27716725,0.19904678,0.19280788,0.20716139,0.21099277,0.22238887,0.22644205,0.21295009,0.30152179,0.30845546,0.31719742,0.31153498,0.28880204,0.28229323,0.36128760,0.80000000,0.34273496,0.31413517,0.29573474,0.29743874,0.26850652,0.30566584,0.19989301,0.19425817,0.19681670,0.23283070,0.18856832,0.18927858,0.24155739,0.20718330,0.22933119,0.23749008,0.19098498,0.18484431,0.19728639,0.22585909,0.19263484,0.27336486,0.30096245,0.29177028,0.29404306,0.29348298,0.28860984,0.28762751,0.27589977,0.28481416,0.26000217,0.31163883,0.29101344,0.27357952,0.29787897,0.19496348,0.19751239,0.20990564,0.38477538,0.20681078,0.27466569,0.19080467,0.18908020,0.18118819,0.18330666,0.18183175,0.19620601,0.19380554,0.17734541,0.19653295,0.19572876,0.17960580,0.35515234,0.19578836,0.19397552,0.19144518,0.21113528,0.26303333,0.20458172,0.18813615,0.21635365,0.21696813,0.20246601,0.20757152,0.17721656,0.20242588,0.24373024,0.20863535,0.37232036,0.22817038,0.23666253,0.19119042
0.21490016,0.17664511,0.28013077,0.27857021,0.25492149,0.25861706,0.27167913,0.26554719,0.18106966,0.21033121,0.18766247,0.23180754,0.22455753,0.22350353,0.20029604,0.31349080,0.31291244,0.30417898,0.32151055,0.32060787,0.32431039,0.37829248,0.34273496,0.80000000,0.29336412,0.28292050,0.29919248,0.31352234,0.29644576,0.20326821,0.17059864,0.21571221,0.21093184,0.20821844,0.18244260,0.22261767,0.19758068,0.19113129,0.17864203,0.18207440,0.20072299,0.20266790,0.17232848,0.17506466,0.25584173,0.28955635,0.29610645,0.28908927,0.27818364,0.27078695,0.26873178,0.25876748,0.26628952,0.24469879,0.28922086,0.29419618,0.30299633,0.29335941,0.17624185,0.18830438,0.20239260,0.21259167,0.19356264,0.19163511,0.20454816,0.20437473,0.19483314,0.20169315,0.20194720,0.21610339,0.21403789,0.21272651,0.17918440,0.17472075,0.19471768,0.21416402,0.19951739,0.19583771,0.17590489,0.23373857,0.25084457,0.19653074,0.16101370,0.20479443,0.19277286,0.21784767,0.22037183,0.19484979,0.18640343,0.22248607,0.19993484,0.23480480,0.22019140,0.24042946,0.16194832
0.24884738,0.20576069,0.39261471,0.26227653,0.26559599,0.26845730,0.26368706,0.26813799,0.19649657,0.19580224,0.21025141,0.39914093,0.21756655,0.22519380,0.21541818,0.22349901,0.23346546,0.23888762,0.29388313,0.29366867,0.29200835,0.31244342,0.31413517,0.29336412,0.80000000,0.31908511,0.32323554,0.29508258,0.42380431,0.20103862,0.19369007,0.20131237,0.23863991,0.24115548,0.19181933,0.25029163,0.27715277,0.19208820,0.19626518,0.19453436,0.19181516,0.19162895,0.18854772,0.19690676,0.21101242,0.24478715,0.24341418,0.24465425,0.24459203,0.23645558,0.23986363,0.22538451,0.22592497,0.21103071,0.25102802,0.24203531,0.22891685,0.24437869,0.19788762,0.20052276,0.20661818,0.20508346,0.21619130,0.25339177,0.25865863,0.19765387,0.19229672,0.18730516,0.23700450,0.19859696,0.19988649,0.17889429,0.19792132,0.19532725,0.18548451,0.18249440,0.19817407,0.20060887,0.19769305,0.22270821,0.21500481,0.20246652,0.19837127,0.26410111,0.26578040,0.25441356,0.25910220,0.18244496,0.20637994,0.24565613,0.26438095,0.24132645,0.23117080,0.23946710,0.19429968
0.25140914,0.21018061,0.27639937,0.28111187,0.27831816,0.28149324,0.28396990,0.27856428,0.19883610,0.20094635,0.25601792,0.22976599,0.39605377,0.21709440,0.21590989,0.21543078,0.24640186,0.24661515,0.31555616,0.31784131,0.31058548,0.30396324,0.29573474,0.28292050,0.31908511,0.80000000,0.40387193,0.35087203,0.31247600,0.21976027,0.19828905,0.20111318,0.24139952,0.24241296,0.19793261,0.24850756,0.21309713,0.23858331,0.24437108,0.19808264,0.18968112,0.20647388,0.23475796,0.19874244,0.22935886,0.23057438,0.24694159,0.29568435,0.24023466,0.23654298,0.23973214,0.27463548,0.28621150,0.26492243,0.23365216,0.23843758,0.21150620,0.23862478,0.19363170,0.19789889,0.21470197,0.20197190,0.21252165,0.25435292,0.21306610,0.20622617,0.18874339,0.19250372,0.23862531,0.20197618,0.19880892,0.18151711,0.19622394,0.20062374,0.18572791,0.18202703,0.20042793,0.19971938,0.19409224,0.22119307,0.21624217,0.20746218,0.19311280,0.25955272,0.26495583,0.25587748,0.26003607,0.18142321,0.20525622,0.24544750,0.26028793,0.24039970,0.23616632,0.24734976,0.19675165
0.24386032,0.20734283,0.27904626,0.27870222,0.27124867,0.26977019,0.27725484,0.27049579,0.19604025,0.20970899,0.25306680,0.23958427,0.21699691,0.21871714,0.21601828,0.22921218,0.23503815,0.23699772,0.31173892,0.31583035,0.31414503,0.30808318,0.29743874,0.29919248,0.32323554,0.40387193,0.80000000,0.36186705,0.31519544,0.22122849,0.19703085,0.22821788,0.23656461,0.25082414,0.19785682,0.24526942,0.21239459,0.19745073,0.19843831,0.19858046,0.21585454,0.19792732,0.19678461,0.19505632,0.22378769,0.23260798,0.25201616,0.29660771,0.24265575,0.23711821,0.23868853,0.27412871,0.28298252,0.26147931,0.23778829,0.24358033,0.22450660,0.24384099,0.19461096,0.20095949,0.21285535,0.20341376,0.20602323,0.25071293,0.22463016,0.21316531,0.19942491,0.20126511,0.24320918,0.23012949,0.20574460,0.19487054,0.19921478,0.19802957,0.19279680,0.19050431,0.20408989,0.20414088,0.19509922,0.23144591,0.22080146,0.20736000,0.18994024,0.26611986,0.26109254,0.26043486,0.26418015,0.19174035,0.20589016,0.24636675,0.26517370,0.25078317,0.23804827,0.25130953,0.19115691
0.21423699,0.17838568,0.28355584,0.27739239,0.25480375,0.25182956,0.26973220,0.25585695,0.17270829,0.20495741,0.23474141,0.20114766,0.21337407,0.20996096,0.18872674,0.22662672,0.21795813,0.21199754,0.31873397,0.31996830,0.32559491,0.32170013,0.26850652,0.31352234,0.29508258,0.35087203,0.36186705,0.80000000,0.30181898,0.17514715,0.17068635,0.18786647,0.21310302,0.24591650,0.18594131,0.22010429,0.20325447,0.24182719,0.22669873,0.18600482,0.18118254,0.19726210,0.21807238,0.17690995,0.20194694,0.20630433,0.24364981,0.27239215,0.21317769,0.20559524,0.20830952,0.24915532,0.26285331,0.23971037,0.21161522,0.22190501,0.22846983,0.22765251,0.17365779,0.18485782,0.19565780,0.20601398,0.18979693,0.23017100,0.18058102,0.20689813,0.19147872,0.20316437,0.24903908,0.19255130,0.21024088,0.20751564,0.17418157,0.17560859,0.18773530,0.20572806,0.19496516,0.19606590,0.17730028,0.23697965,0.18814986,0.19150483,0.16294691,0.25067764,0.23486424,0.25673543,0.26369320,0.18978175,0.17500042,0.22224138,0.24592874,0.25193105,0.22622171,0.24169360,0.16511727
0.24168303,0.19508875,0.21196796,0.26086670,0.26188070,0.26384686,0.26248248,0.26258409,0.19527367,0.19719415,0.20568701,0.21588757,0.21986893,0.22223130,0.20844899,0.22501186,0.22689038,0.23190742,0.29498471,0.29565693,0.29423066,0.31406850,0.30566584,0.29644576,0.42380431,0.31247600,0.31519544,0.30181898,0.80000000,0.19274645,0.19030204,0.19990022,0.23293000,0.24030527,0.19377540,0.24131092,0.21132261,0.19654898,0.19535253,0.19591788,0.19082160,0.19534439,0.19095358,0.19600755,0.20569375,0.23906671,0.23846371,0.23419491,0.23078571,0.22356668,0.22610614,0.21586392,0.21703917,0.20874111,0.24587430,0.23452992,0.22501657,0.23636800,0.19198502,0.19524835,0.20773381,0.20830440,0.21059984,0.25096566,0.18917643,0.19658969,0.18888354,0.19294865,0.23810218,0.20212802,0.20885568,0.18385664,0.18986883,0.19359171,0.18451234,0.18877743,0.19959720,0.19791835,0.19115643,0.22543707,0.20587397,0.20788020,0.18799209,0.26042085,0.26098933,0.25841025,0.26133872,0.18551418,0.19938300,0.24010622,0.25771470,0.23966640,0.23234650,0.24206590,0.19121073
0.27759579,0.23133825,0.19090838,0.19917619,0.20444314,0.20809554,0.20109590,0.20241846,0.26785514,0.20989743,0.20073797,0.23074248,0.19989681,0.20443409,0.21541887,0.18003172,0.21287154,0.21940304,0.21145793,0.19000620,0.20594066,0.20644217,0.19989301,0.20326821,0.20103862,0.21976027,0.22122849,0.17514715,0.19274645,0.80000000,0.23417269,0.24056387,0.23666844,0.21567882,0.18690576,0.27524897,0.20310391,0.18323642,0.19278126,0.18909887,0.20652809,0.18076521,0.18389121,0.19119262,0.20043286,0.21343738,0.20376336,0.20411810,0.20395720,0.20423941,0.20394427,0.20504256,0.39205809,0.19269982,0.21873247,0.20586525,0.19342745,0.21211595,0.21138986,0.26743395,0.21327409,0.24888363,0.26511934,0.25471070,0.24567562,0.21067617,0.21321680,0.20881023,0.18889616,0.22579349,0.22355515,0.18800737,0.22642597,0.22380873,0.18284812,0.17139309,0.18632858,0.19374072,0.20099443,0.21006533,0.19714131,0.20431856,0.21895555,0.25846700,0.26767465,0.24802714,0.24892205,0.18015716,0.20483224,0.26022760,0.24429865,0.22032651,0.23366391,0.23258294,0.22131234
0.25191010,0.20359097,0.18393503,0.25073905,0.19913673,0.25535643,0.19624679,0.25462767,0.25544402,0.18688853,0.19687228,0.25416874,0.19774373,0.20090043,0.21473613,0.17765645,0.19565761,0.19957894,0.17781331,0.18090483,0.17342471,0.17475387,0.19425817,0.17059864,0.19369007,0.19828905,0.19703085,0.17068635,0.19030204,0.23417269,0.80000000,0.41727997,0.23259526,0.21949661,0.18498923,0.25300446,0.20014697,0.18251190,0.19064962,0.18521911,0.17814058,0.17705657,0.18080264,0.18637859,0.19772536,0.21209193,0.20424880,0.20162463,0.19638948,0.19830378,0.19622021,0.19797436,0.20076727,0.18082869,0.21054630,0.20087186,0.18764016,0.20624133,0.19371822,0.24015160,0.20100392,0.22792441,0.24382368,0.24278385,0.19511148,0.19942127,0.19230374,0.18681709,0.17704445,0.22266984,0.22596782,0.17274895,0.19914244,0.19304883,0.17788681,0.16724770,0.18678367,0.19568211,0.19825717,0.21234977,0.19012819,0.19879364,0.20206588,0.24224028,0.24577127,0.22757653,0.23047182,0.17357239,0.20120342,0.24261586,0.24334351,0.23797386,0.22984197,0.25349971,0.19913548
0.24844720,0.20499623,0.19628519,0.20258468,0.19821348,0.20158376,0.20158309,0.20366272,0.23844972,0.20092522,0.20371890,0.23856019,0.20853892,0.20835537,0.21650430,0.19317296,0.20519695,0.20801630,0.21929878,0.19755023,0.21390542,0.21865135,0.19681670,0.21571221,0.20131237,0.20111318,0.22821788,0.18786647,0.19990022,0.24056387,0.41727997,0.80000000,0.23475955,0.23739943,0.19472892,0.25077667,0.21060425,0.19082019,0.19569092,0.19471615,0.21281639,0.18913358,0.18719115,0.19337828,0.20269404,0.21430440,0.21115635,0.20831577,0.20475994,0.20420571,0.20538005,0.20178520,0.20779092,0.18835689,0.21253747,0.20417832,0.19970996,0.21541595,0.19833374,0.24330987,0.26635645,0.24240108,0.24971992,0.24022860,0.23419015,0.20968100,0.20501413,0.20106842,0.19310595,0.26544357,0.23811115,0.19042827,0.20255916,0.19541943,0.18551999,0.18263534,0.19571017,0.20034480,0.19889560,0.22462796,0.19253206,0.20408243,0.19533553,0.24961756,0.24989568,0.24070457,0.24620586,0.18723736,0.20127853,0.24964741,0.24583568,0.22603253,0.23601060,0.26284668,0.20044224
0.31302070,0.24739931,0.23231822,0.24038441,0.24715937,0.25134158,0.24424726,0.24717892,0.23814947,0.22834208,0.24355224,0.23789021,0.24229087,0.24407820,0.24558506,0.22274903,0.23681317,0.24158664,0.22568041,0.23225401,0.21801925,0.21513357,0.23283070,0.21093184,0.23863991,0.24139952,0.23656461,0.21310302,0.23293000,0.23666844,0.23259526,0.23475955,0.80000000,0.22119383,0.24806335,0.31319890,0.29724573,0.27225536,0.28495776,0.27258542,0.26641044,0.26607391,0.26623602,0.27692027,0.24463802,0.24394875,0.24880529,0.24629744,0.24579037,0.24442984,0.24642524,0.23869597,0.24916669,0.21868239,0.25385628,0.24773372,0.22817380,0.25304508,0.23035533,0.23371242,0.23444342,0.22493061,0.23782958,0.23488353,0.23225872,0.23547888,0.21948886,0.22562310,0.22009856,0.23354502,0.23278834,0.21574069,0.23283420,0.23995981,0.22471008,0.21861051,0.23813938,0.24262324,0.24238226,0.27653273,0.23569356,0.24619490,0.23594537,0.23680714,0.24481225,0.22817315,0.22669608,0.21685643,0.23720582,0.31148570,0.24397020,0.21839519,0.31268276,0.30726714,0.24275464
0.22949421,0.19736575,0.20090914,0.25470291,0.23492030,0.24534161,0.24276578,0.24816184,0.21878579,0.21095016,0.19503080,0.19215228,0.20465325,0.21022899,0.19672842,0.20417702,0.20333756,0.20296906,0.19015400,0.19455282,0.19253913,0.20173612,0.18856832,0.20821844,0.24115548,0.24241296,0.25082414,0.24591650,0.24030527,0.21567882,0.21949661,0.23739943,0.22119383,0.80000000,0.19253535,0.23700939,0.20770096,0.19776048,0.18913689,0.19079648,0.18412332,0.19550155,0.17954273,0.18361293,0.19269513,0.20904941,0.20571263,0.20725421,0.19906236,0.19207273,0.19862085,0.19702937,0.20245718,0.18111267,0.20657750,0.21199804,0.21055596,0.20649006,0.18583054,0.23549059,0.19903621,0.23538670,0.23329380,0.24353758,0.19088453,0.20929683,0.20745176,0.19980173,0.24753413,0.23105176,0.25189666,0.21014196,0.18841747,0.18621176,0.19519367,0.20373379,0.20169554,0.20008484,0.18882067,0.23341285,0.19532988,0.19467416,0.17474214,0.26503927,0.25406293,0.26696548,0.26603512,0.19918436,0.19750438,0.23478787,0.26287093,0.25835588,0.23303400,0.24260384,0.17972113
0.23382574,0.19348836,0.19861883,0.20239481,0.19737438,0.20414659,0.20010731,0.20501823,0.18878622,0.19228054,0.19870898,0.19184181,0.19998438,0.19630844,0.19464646,0.19428543,0.20125586,0.20029965,0.19250784,0.19615074,0.18619370,0.18414368,0.18927858,0.18244260,0.19181933,0.19793261,0.19785682,0.18594131,0.19377540,0.18690576,0.18498923,0.19472892,0.24806335,0.19253535,0.80000000,0.23930250,0.22826677,0.20926902,0.21302313,0.21594856,0.20579048,0.21109267,0.20698699,0.21191642,0.20107953,0.19823028,0.20521095,0.19863419,0.19458936,0.19592489,0.19926389,0.19393150,0.20273949,0.18173211,0.20193768,0.20351297,0.19314619,0.20480843,0.18811286,0.19176154,0.18944914,0.18818659,0.19258942,0.18840809,0.18854724,0.19767123,0.18783398,0.18743840,0.18696652,0.19426174,0.19589596,0.18679121,0.18821701,0.18945718,0.18910368,0.18844133,0.20017471,0.20051211,0.19464737,0.22491795,0.19078257,0.19528956,0.18609653,0.19700904,0.19629806,0.19587589,0.19017763,0.18769010,0.18762395,0.24028383,0.20090703,0.19163111,0.24587221,0.24634493,0.19078496
0.41939591,0.29198041,0.23871344,0.24244345,0.24993617,0.25241419,0.24829110,0.24915619,0.26700254,0.25040197,0.24933164,0.24721546,0.24803008,0.25423323,0.25623606,0.23462997,0.24634534,0.25405299,0.22861807,0.23245957,0.22660953,0.22174220,0.24155739,0.22261767,0.25029163,0.24850756,0.24526942,0.22010429,0.24131092,0.27524897,0.25300446,0.25077667,0.31319890,0.23700939,0.23930250,0.80000000,0.26299066,0.23593763,0.24345383,0.23799540,0.22781866,0.23137877,0.22799278,0.23771915,0.24680193,0.26378681,0.25357235,0.25127415,0.25257733,0.25015926,0.25290646,0.24645021,0.25604544,0.22477985,0.26557156,0.25691564,0.23473494,0.25697598,0.26382167,0.27170591,0.25522594,0.25664669,0.27460448,0.26823632,0.27781785,0.28280179,0.27069260,0.26676318,0.24024997,0.24323642,0.24264774,0.23070386,0.27885306,0.27890458,0.23039203,0.22076495,0.24295170,0.24993425,0.25034156,0.28283182,0.24565050,0.26259153,0.26779754,0.27111091,0.27846494,0.25578930,0.25924529,0.22526136,0.24386786,0.34295307,0.25819345,0.23285713,0.30787448,0.31130537,0.26849212
0.26026255,0.21376815,0.23828092,0.21840695,0.21589773,0.22016863,0.21832766,0.22089656,0.20556769,0.20742894,0.21624789,0.39055916,0.21774710,0.21499305,0.21116366,0.21002727,0.21629102,0.21843770,0.20968872,0.21370981,0.20206663,0.20352819,0.20718330,0.19758068,0.27715277,0.21309713,0.21239459,0.20325447,0.21132261,0.20310391,0.20014697,0.21060425,0.29724573,0.20770096,0.22826677,0.26299066,0.80000000,0.35560204,0.35806910,0.35415500,0.40215422,0.35185427,0.34121034,0.35182992,0.21937079,0.21350590,0.22205078,0.21728907,0.21311907,0.21205199,0.21459494,0.21097805,0.21897410,0.19715869,0.22268691,0.21962488,0.21110574,0.22592601,0.20341599,0.20605023,0.20857084,0.20598645,0.21161629,0.20603857,0.27085813,0.21381596,0.20277942,0.20026309,0.20348143,0.20859434,0.21268553,0.19872112,0.20652779,0.20596071,0.20374713,0.20265985,0.21303957,0.21441983,0.21027755,0.24574684,0.20769223,0.21553812,0.19982809,0.21486469,0.21451358,0.21507064,0.20744863,0.20134506,0.20592945,0.26666088,0.21905761,0.20551503,0.26795152,0.27142835,0.20683527
0.23126197,0.18988887,0.20354065,0.20216945,0.19359761,0.19885553,0.19976386,0.20049251,0.18611418,0.20071078,0.19770883,0.19183143,0.20317415,0.20106480,0.19001626,0.20234920,0.20121354,0.19858474,0.19541076,0.20020143,0.19877848,0.19407743,0.22933119,0.19113129,0.19208820,0.23858331,0.19745073,0.24182719,0.19654898,0.18323642,0.18251190,0.19082019,0.27225536,0.19776048,0.20926902,0.23593763,0.35560204,0.80000000,0.46175763,0.38577399,0.32000044,0.38952506,0.36899116,0.38044317,0.19648879,0.19744241,0.20742067,0.19898429,0.19602946,0.19008533,0.19198998,0.18924542,0.19539721,0.17647093,0.20366125,0.20597553,0.20178155,0.20701888,0.18420837,0.18838899,0.19145252,0.19705703,0.19201483,0.18678006,0.19030690,0.20567512,0.19199275,0.19615785,0.19884407,0.19505282,0.20614403,0.19887438,0.18510467,0.18796961,0.19443229,0.20135179,0.20328477,0.20389532,0.19380499,0.23575158,0.19100621,0.19747838,0.17776519,0.19821886,0.19092519,0.19836354,0.19857058,0.19402496,0.18534815,0.23716444,0.19850464,0.19515188,0.24838035,0.24770986,0.18254647
